<Hierarchy>:
	<Frame>: 0 1 Characters
		<Transform>: 0 0 0 0 0 0 1 1 1 0 0 0 1  
		<TransformMatrix>: 1 0 0 0 0 1 0 0 0 0 1 0 0 0 0 1  
		<Children>: 2
			<Frame>: 1 0 Root
				<Transform>: 0 0 0 0 0 0 1 1 1 0 0 0 1  
				<TransformMatrix>: 1 0 0 0 0 1 0 0 0 0 1 0 0 0 0 1  
				<Children>: 1
					<Frame>: 2 0 Hips
						<Transform>: 0 0.8762761 0 0 270 278.5928 1 1 1 0.4611366 -0.5360532 -0.4611366 0.5360532  
						<TransformMatrix>: 0 -0.9887751 0.149412 0 0 0.149412 0.9887751 0 -1 0 0 0 0 0.8762761 0 1  
						<Children>: 3
							<Frame>: 3 0 Spine_01
								<Transform>: -0.1039326 1.776357E-17 2.307768E-17 6.582089E-14 180 191.4414 1 1 1 0.9950197 -0.09967895 1.460281E-15 4.309827E-16  
								<TransformMatrix>: 0.9801282 -0.198365 2.991937E-15 0 -0.198365 -0.9801283 5.665539E-16 0 2.820098E-15 -1.148791E-15 -1 0 -0.1039326 1.776357E-17 2.307768E-17 1  
								<Children>: 1
									<Frame>: 4 0 Spine_02
										<Transform>: -0.1815117 -4.884981E-16 -1.150083E-17 -2.230482E-14 180 191.2484 1 1 1 0.9951862 -0.09800279 -6.806638E-16 -1.285582E-16  
										<TransformMatrix>: 0.9807909 -0.195062 -1.379973E-15 0 -0.195062 -0.980791 -1.224647E-16 0 -1.329576E-15 3.892925E-16 -1 0 -0.1815117 -4.884981E-16 -1.150083E-17 1  
										<Children>: 1
											<Frame>: 5 0 Spine_03
												<Transform>: -0.1790372 5.684342E-16 4.085277E-17 -7.796618E-14 180 192.7563 1 1 1 0.9938103 -0.1110903 2.114624E-16 -7.082586E-16  
												<TransformMatrix>: 0.9753179 -0.2208054 2.629457E-16 0 -0.2208054 -0.9753178 -1.454732E-15 0 5.776684E-16 1.360766E-15 -1 0 -0.1790372 5.684342E-16 4.085277E-17 1  
												<Children>: 3
													<Frame>: 6 0 Neck
														<Transform>: -0.1118897 -3.907985E-16 -3.229887E-17 -3.240717E-14 1.536488E-13 4.783679 1 1 1 -2.266018E-16 1.351473E-15 0.04173335 0.9991288  
														<TransformMatrix>: 0.9965166 0.08339398 -2.719505E-15 0 -0.08339398 0.9965166 -3.400059E-16 0 2.681677E-15 5.656118E-16 1 0 -0.1118897 -3.907985E-16 -3.229887E-17 1  
														<Children>: 1
															<Frame>: 7 0 Head
																<Transform>: -0.1216443 -5.684342E-16 -3.255064E-18 80.8598 270 0 1 1 1 0.458571 -0.5382496 0.458571 0.5382496  
																<TransformMatrix>: 0 0 1 0 -0.9873026 0.1588506 0 0 -0.1588506 -0.9873026 0 0 -0.1216443 -5.684342E-16 -3.255064E-18 1  
																<Children>: 2
																	<Frame>: 8 0 Eyes
																		<Transform>: 8.465982E-17 0.09447606 0.1227221 2.115069E-13 1.473465E-14 -1.167753E-14 1 1 1 1.845746E-15 1.285841E-16 -1.019057E-16 1  
																		<TransformMatrix>: 1 -2.038114E-16 -2.571682E-16 0 2.038114E-16 1 3.691492E-15 0 2.571682E-16 -3.691492E-15 1 0 8.465982E-17 0.09447606 0.1227221 1  
																		<Children>: 0
																	</Frame>
																	<Frame>: 9 0 Eyebrows
																		<Transform>: 9.538726E-17 0.1276692 0.1227221 2.115069E-13 1.473465E-14 -1.167753E-14 1 1 1 1.845746E-15 1.285841E-16 -1.019057E-16 1  
																		<TransformMatrix>: 1 -2.038114E-16 -2.571682E-16 0 2.038114E-16 1 3.691492E-15 0 2.571682E-16 -3.691492E-15 1 0 9.538726E-17 0.1276692 0.1227221 1  
																		<Children>: 0
																	</Frame>
															</Frame>
													</Frame>
													<Frame>: 10 0 Clavicle_L
														<Transform>: -0.05801173 -0.04191448 -0.07447154 61.68771 188.1296 279.9603 1 1 1 -0.5785475 0.6324858 -0.3525134 -0.3754713  
														<TransformMatrix>: -0.04860806 -0.4671289 0.8828521 0 -0.9965636 0.08203411 -0.01146343 0 -0.06706905 -0.8803755 -0.469511 0 -0.05801173 -0.04191448 -0.07447154 1  
														<Children>: 1
															<Frame>: 11 0 Shoulder_L
																<Transform>: -0.1319787 5.684342E-16 1.776357E-17 0.3427388 27.43253 4.072139 1 1 1 0.01132812 0.23686 0.03380652 0.9708894  
																<TransformMatrix>: 0.885509 0.07101114 -0.4591637 0 -0.06027843 0.9974576 0.03801153 0 0.4606956 -0.005981885 0.8875381 0 -0.1319787 5.684342E-16 1.776357E-17 1  
																<Children>: 1
																	<Frame>: 12 0 Elbow_L
																		<Transform>: -0.339474 -0.001449071 -0.001436264 0.3852591 4.658974 355.2833 1 1 1 0.001683833 0.04074959 -0.04125188 0.998316  
																		<TransformMatrix>: 0.9932755 -0.08222759 -0.08150087 0 0.08250205 0.9965909 0 0 0.08122303 -0.006723989 0.9966733 0 -0.339474 -0.001449071 -0.001436264 1  
																		<Children>: 1
																			<Frame>: 13 0 Hand_L
																				<Transform>: -0.2711453 -2.842171E-16 -0.0003813643 2.186697E-13 355.8932 1.991077E-13 1 1 1 1.84477E-15 -0.03583077 1.804801E-15 0.9993579  
																				<TransformMatrix>: 0.9974323 3.475085E-15 0.07161552 0 -3.739483E-15 1 3.557837E-15 0 -0.07161552 -3.816506E-15 0.9974323 0 -0.2711453 -2.842171E-16 -0.0003813643 1  
																				<Children>: 3
																					<Frame>: 14 0 Thumb_01
																						<Transform>: -0.03514048 -0.01170692 0.04505539 2.134434E-07 32.28328 10.51739 1 1 1 0.02548064 0.2768427 0.08803956 0.9565343  
																						<TransformMatrix>: 0.8312143 0.182534 -0.5251325 0 -0.1543175 0.9831995 0.09749244 0 0.5341057 -3.72529E-09 0.8454177 0 -0.03514048 -0.01170692 0.04505539 1  
																						<Children>: 1
																							<Frame>: 15 0 Thumb_02
																								<Transform>: -0.06370214 0 -1.421085E-16 357.4167 345.9354 16.73216 1 1 1 -0.03994203 -0.1178403 0.1416358 0.9820681  
																								<TransformMatrix>: 0.932106 0.2876056 0.22014 0 -0.2687784 0.9566879 -0.1118324 0 -0.2427688 0.04507077 0.9690366 0 -0.06370214 0 -1.421085E-16 1  
																								<Children>: 1
																									<Frame>: 16 0 Thumb_03
																										<Transform>: -0.0566557 -2.842171E-16 -3.552714E-17 351.9597 343.8554 334.2113 1 1 1 -0.03640326 -0.1520347 -0.2299953 0.9605532  
																										<TransformMatrix>: 0.8479752 -0.4307764 0.30882 0 0.4529147 0.8915539 7.450581E-09 0 -0.2753297 0.1398691 0.9511205 0 -0.0566557 -2.842171E-16 -3.552714E-17 1  
																										<Children>: 0
																									</Frame>
																							</Frame>
																					</Frame>
																					<Frame>: 17 0 IndexFinger_01
																						<Transform>: -0.1039656 0.003987151 0.0267265 0 7.545007 0.4885246 1 1 1 0.0002804953 0.06579445 0.004253931 0.9978241  
																						<TransformMatrix>: 0.991306 0.00852626 -0.1313002 0 -0.00845244 0.9999636 0.00111954 0 0.1313049 0 0.991342 0 -0.1039656 0.003987151 0.0267265 1  
																						<Children>: 1
																							<Frame>: 18 0 IndexFinger_02
																								<Transform>: -0.04093632 0 1.776357E-17 359.9894 358.762 11.28679 1 1 1 -0.001153992 -0.01074164 0.09832994 0.9950953  
																								<TransformMatrix>: 0.9804317 0.1957201 0.02115096 0 -0.1956705 0.9806598 -0.004409113 0 -0.02160485 0.0001842151 0.9997666 0 -0.04093632 0 1.776357E-17 1  
																								<Children>: 1
																									<Frame>: 19 0 IndexFinger_03
																										<Transform>: -0.03791188 -5.684342E-16 -5.32907E-17 359.3775 357.0121 6.554094 1 1 1 -0.006912196 -0.02571741 0.0570024 0.9980188  
																										<TransformMatrix>: 0.9921787 0.1141345 0.0505449 0 -0.1134234 0.9934059 -0.01672891 0 -0.05212095 0.01086509 0.9985816 0 -0.03791188 -5.684342E-16 -5.32907E-17 1  
																										<Children>: 1
																											<Frame>: 20 0 IndexFinger_04
																												<Transform>: -0.03779794 -2.842171E-16 1.24345E-16 358.9777 356.9095 341.7145 1 1 1 -0.004519649 -0.02803993 -0.159068 0.986859  
																												<TransformMatrix>: 0.9478223 -0.313702 0.05678077 0 0.3142089 0.9493539 0 0 -0.05390505 0.01784102 0.9983867 0 -0.03779794 -2.842171E-16 1.24345E-16 1  
																												<Children>: 0
																											</Frame>
																									</Frame>
																							</Frame>
																					</Frame>
																					<Frame>: 21 0 Finger_01
																						<Transform>: -0.09982526 -0.001159589 -0.0328334 0 354.9621 6.486357 1 1 1 -0.002486432 -0.04387975 0.05651926 0.9974337  
																						<TransformMatrix>: 0.9897603 0.1129666 0.08725321 0 -0.1125302 0.9935988 -0.009920202 0 -0.08781534 0 0.9961368 0 -0.09982526 -0.001159589 -0.0328334 1  
																						<Children>: 1
																							<Frame>: 22 0 Finger_02
																								<Transform>: -0.04248815 -2.842171E-16 8.881784E-18 0.2545753 2.239704 2.442917 1 1 1 0.002637271 0.01949202 0.02126933 0.9995803  
																								<TransformMatrix>: 0.9983354 0.04262361 -0.0388555 0 -0.04241799 0.9990813 0.006101492 0 0.03907987 -0.004443163 0.9992262 0 -0.04248815 -2.842171E-16 8.881784E-18 1  
																								<Children>: 1
																									<Frame>: 23 0 Finger_03
																										<Transform>: -0.03513327 0 1.776357E-17 358.6925 351.6425 10.74074 1 1 1 -0.01814923 -0.07147895 0.09251083 0.9929769  
																										<TransformMatrix>: 0.972665 0.1863168 0.1385959 0 -0.1811277 0.9822247 -0.04926868 0 -0.1453119 0.02281837 0.9891227 0 -0.03513327 0 1.776357E-17 1  
																										<Children>: 1
																											<Frame>: 24 0 Finger_04
																												<Transform>: -0.03003239 0 5.32907E-17 3.744156 10.60806 340.7782 1 1 1 0.01664637 0.09652533 -0.1691301 0.9807144  
																												<TransformMatrix>: 0.9241558 -0.328523 -0.1949584 0 0.3349501 0.9422358 0 0 0.1836968 -0.06530134 0.9808115 0 -0.03003239 0 5.32907E-17 1  
																												<Children>: 0
																											</Frame>
																									</Frame>
																							</Frame>
																					</Frame>
																			</Frame>
																	</Frame>
															</Frame>
													</Frame>
													<Frame>: 25 0 Clavicle_R
														<Transform>: -0.05801534 -0.04191418 0.0744715 298.3123 171.8704 99.96035 1 1 1 0.6324859 0.5785475 0.3754714 -0.3525134  
														<TransformMatrix>: 0.04860801 0.4671289 0.8828522 0 0.9965637 -0.08203423 -0.0114634 0 0.06706917 0.8803756 -0.4695113 0 -0.05801534 -0.04191418 0.0744715 1  
														<Children>: 1
															<Frame>: 26 0 Shoulder_R
																<Transform>: 0.1319786 6.473391E-06 4.735342E-08 0.3427388 27.43253 4.072139 1 1 1 0.01132812 0.23686 0.03380652 0.9708894  
																<TransformMatrix>: 0.885509 0.07101114 -0.4591637 0 -0.06027843 0.9974576 0.03801153 0 0.4606956 -0.005981885 0.8875381 0 0.1319786 6.473391E-06 4.735342E-08 1  
																<Children>: 1
																	<Frame>: 27 0 Elbow_R
																		<Transform>: 0.3394746 0.001447586 0.001436264 0.3852591 4.658974 355.2833 1 1 1 0.001683833 0.04074959 -0.04125188 0.998316  
																		<TransformMatrix>: 0.9932755 -0.08222759 -0.08150087 0 0.08250205 0.9965909 0 0 0.08122303 -0.006723989 0.9966733 0 0.3394746 0.001447586 0.001436264 1  
																		<Children>: 1
																			<Frame>: 28 0 Hand_R
																				<Transform>: 0.2711449 0 0.0003813609 1.779903E-13 355.8932 -1.357948E-13 1 1 1 1.594721E-15 -0.03583077 -1.128618E-15 0.9993579  
																				<TransformMatrix>: 0.9974323 -2.370066E-15 0.07161552 0 2.141506E-15 1 3.268273E-15 0 -0.07161552 -3.106516E-15 0.9974323 0 0.2711449 0 0.0003813609 1  
																				<Children>: 4
																					<Frame>: 29 0 Thumb_01_1
																						<Transform>: 0.03514 0.01171 -0.0450554 2.134434E-07 32.28328 10.51739 1 1 1 0.02548064 0.2768427 0.08803956 0.9565343  
																						<TransformMatrix>: 0.8312143 0.182534 -0.5251325 0 -0.1543175 0.9831995 0.09749244 0 0.5341057 -3.72529E-09 0.8454177 0 0.03514 0.01171 -0.0450554 1  
																						<Children>: 1
																							<Frame>: 30 0 Thumb_02_1
																								<Transform>: 0.06370146 -7.811825E-06 4.363812E-07 357.4167 345.9354 16.73216 1 1 1 -0.03994203 -0.1178403 0.1416358 0.9820681  
																								<TransformMatrix>: 0.932106 0.2876056 0.22014 0 -0.2687784 0.9566879 -0.1118324 0 -0.2427688 0.04507077 0.9690366 0 0.06370146 -7.811825E-06 4.363812E-07 1  
																								<Children>: 1
																									<Frame>: 31 0 Thumb_03_1
																										<Transform>: 0.05665508 9.835502E-08 -2.027954E-07 351.9597 343.8554 334.2113 1 1 1 -0.03640326 -0.1520347 -0.2299953 0.9605532  
																										<TransformMatrix>: 0.8479752 -0.4307764 0.30882 0 0.4529147 0.8915539 7.450581E-09 0 -0.2753297 0.1398691 0.9511205 0 0.05665508 9.835502E-08 -2.027954E-07 1  
																										<Children>: 0
																									</Frame>
																							</Frame>
																					</Frame>
																					<Frame>: 32 0 IndexFinger_01_1
																						<Transform>: 0.103966 -0.00399 -0.0267265 0 7.545007 0.4885246 1 1 1 0.0002804953 0.06579445 0.004253931 0.9978241  
																						<TransformMatrix>: 0.991306 0.00852626 -0.1313002 0 -0.00845244 0.9999636 0.00111954 0 0.1313049 0 0.991342 0 0.103966 -0.00399 -0.0267265 1  
																						<Children>: 1
																							<Frame>: 33 0 IndexFinger_02_1
																								<Transform>: 0.04093591 9.698692E-07 -4.956748E-08 359.9894 358.762 11.28679 1 1 1 -0.001153992 -0.01074164 0.09832994 0.9950953  
																								<TransformMatrix>: 0.9804317 0.1957201 0.02115096 0 -0.1956705 0.9806598 -0.004409113 0 -0.02160485 0.0001842151 0.9997666 0 0.04093591 9.698692E-07 -4.956748E-08 1  
																								<Children>: 1
																									<Frame>: 34 0 IndexFinger_03_1
																										<Transform>: 0.03791213 3.249983E-06 -4.545292E-08 359.3775 357.0121 6.554094 1 1 1 -0.006912196 -0.02571741 0.0570024 0.9980188  
																										<TransformMatrix>: 0.9921787 0.1141345 0.0505449 0 -0.1134234 0.9934059 -0.01672891 0 -0.05212095 0.01086509 0.9985816 0 0.03791213 3.249983E-06 -4.545292E-08 1  
																										<Children>: 1
																											<Frame>: 35 0 IndexFinger_04_1
																												<Transform>: 0.03779333 -5.265709E-06 -1.550738E-07 358.9777 356.9095 341.7145 1 1 1 -0.004519649 -0.02803993 -0.159068 0.986859  
																												<TransformMatrix>: 0.9478223 -0.313702 0.05678077 0 0.3142089 0.9493539 0 0 -0.05390505 0.01784102 0.9983867 0 0.03779333 -5.265709E-06 -1.550738E-07 1  
																												<Children>: 0
																											</Frame>
																									</Frame>
																							</Frame>
																					</Frame>
																					<Frame>: 36 0 Finger_01_1
																						<Transform>: 0.099825 0.00116 0.0328334 0 354.9621 6.486357 1 1 1 -0.002486432 -0.04387975 0.05651926 0.9974337  
																						<TransformMatrix>: 0.9897603 0.1129666 0.08725321 0 -0.1125302 0.9935988 -0.009920202 0 -0.08781534 0 0.9961368 0 0.099825 0.00116 0.0328334 1  
																						<Children>: 1
																							<Frame>: 37 0 Finger_02_1
																								<Transform>: 0.04248809 2.653441E-07 -1.978993E-08 0.2545753 2.239704 2.442917 1 1 1 0.002637271 0.01949202 0.02126933 0.9995803  
																								<TransformMatrix>: 0.9983354 0.04262361 -0.0388555 0 -0.04241799 0.9990813 0.006101492 0 0.03907987 -0.004443163 0.9992262 0 0.04248809 2.653441E-07 -1.978993E-08 1  
																								<Children>: 1
																									<Frame>: 38 0 Finger_03_1
																										<Transform>: 0.03513324 -1.997848E-07 1.485361E-08 358.6925 351.6425 10.74074 1 1 1 -0.01814923 -0.07147895 0.09251083 0.9929769  
																										<TransformMatrix>: 0.972665 0.1863168 0.1385959 0 -0.1811277 0.9822247 -0.04926868 0 -0.1453119 0.02281837 0.9891227 0 0.03513324 -1.997848E-07 1.485361E-08 1  
																										<Children>: 1
																											<Frame>: 39 0 Finger_04_1
																												<Transform>: 0.03003113 1.133471E-06 3.591099E-07 3.744156 10.60806 340.7782 1 1 1 0.01664637 0.09652533 -0.1691301 0.9807144  
																												<TransformMatrix>: 0.9241558 -0.328523 -0.1949584 0 0.3349501 0.9422358 0 0 0.1836968 -0.06530134 0.9808115 0 0.03003113 1.133471E-06 3.591099E-07 1  
																												<Children>: 0
																											</Frame>
																									</Frame>
																							</Frame>
																					</Frame>
																					<Frame>: 40 0 SM_Wep_Sabre_01
																						<Transform>: 0.125 0.039 0.001 68.54395 252.4455 71.62253 0.8634093 0.8634095 0.8634092 -0.1202184 -0.7353303 0.6541296 0.1301975  
																						<TransformMatrix>: -0.8091807 0.2997174 0.02952818 0 0.005584852 0.0995718 -0.8576306 0 -0.3011166 -0.8035736 -0.09525674 0 0.125 0.039 0.001 1  
																						<Mesh>: 1206 SM_Wep_Sabre_01
																							<Bounds>: -0.01659918 0.4684963 0.04780077 0.1066871 0.6186161 0.07444262
																							<Positions>: 1206 -0.1014748 -0.08368587 -0.009441853 -0.1163616 -0.03573513 -6.151199E-05 -0.09705639 -0.03527164 -0.01085663 -0.1199837 0.06015015 -0.01247072 -0.114048 -0.0004634857 -0.01165581 -0.1232643 -0.002079964 -0.006026745 -0.09446049 0.09685516 -0.01419353 -0.05327654 0.1151733 -0.02152872 -0.08184814 0.08398438 -0.01419353 -0.05327654 0.1151733 -0.02152872 -0.05010271 0.09753799 -0.02152872 -0.08184814 0.08398438 -0.01419353 0.04763031 0.09753799 -0.02152872 0.04675817 0.1153297 -0.02152872 0.06967831 0.1144409 -0.01343346 0.04675817 0.1153297 -0.02152872 0.06541157 0.1243114 -0.01343346 0.06967831 0.1144409 -0.01343346 0.04763031 0.09753799 0.02071357 0.06967831 0.1144409 0.01261854 0.04675817 0.1153297 0.02071357 0.06967831 0.1144409 0.01261854 0.06541157 0.1243114 0.01261854 0.04675817 0.1153297 0.02071357 -0.09347439 -0.08680058 0.007338524 -0.05887222 -0.08064461 0.06127501 -0.1086416 -0.04430866 0.00828886 -0.05887222 -0.08064461 0.06127501 -0.0766077 -0.04445076 0.07760668 -0.1086416 -0.04430866 0.00828886 -0.08282852 -1.621246E-05 0.0838275 -0.07525635 0.04879761 0.07432032 -0.1158485 -1.621246E-05 0.00860548 -0.07525635 0.04879761 0.07432032 -0.1131992 0.05788422 0.00828886 -0.1158485 -1.621246E-05 0.00860548 -0.03226995 0.1057739 0.03581691 -0.07525635 0.04879761 0.07432032 -0.04575038 0.08192635 0.06640589 -0.07525635 0.04879761 0.07432032 -0.03226995 0.1057739 0.03581691 -0.0710144 0.08392906 0.04465246 -0.003724813 0.1056213 0.0483532 -0.003538609 0.1066017 0.005621433 -0.03226995 0.1057739 0.03581691 -0.03226995 0.1057739 0.03581691 -0.003538609 0.1066017 0.005621433 -0.04655409 0.1099625 0.005807877 -0.02853751 -0.09858322 0.03208447 -0.04713964 -0.1072607 0.003903866 -0.05242777 -0.07365465 0.05597448 -0.04713964 -0.1072607 0.003903866 -0.08518314 -0.07845879 0.003903866 -0.05242777 -0.07365465 0.05597448 -0.06839037 -0.03986835 0.07193756 -0.05242777 -0.07365465 0.05597448 -0.09805679 -0.03989983 0.003903866 -0.05242777 -0.07365465 0.05597448 -0.08518314 -0.07845879 0.003903866 -0.09805679 -0.03989983 0.003903866 -0.07399607 -1.621246E-05 0.07754278 -0.1044979 -1.621246E-05 0.003903866 -0.06839037 0.03983688 0.07193756 -0.1044979 -1.621246E-05 0.003903866 -0.1041164 0.05783653 0.003903866 -0.06839037 0.03983688 0.07193756 -0.02853751 -0.09858322 0.03208447 -0.001821041 -0.09858322 0.04375696 -0.001821041 -0.1065111 0.003903866 -0.04713964 -0.1072607 0.003903866 -0.02853751 -0.09858322 0.03208447 -0.001821041 -0.1065111 0.003903866 -0.00335288 -0.0673933 0.08027458 -0.0002486706 -0.06698799 0.07979012 -0.001821041 -0.09858322 0.04375696 -0.0002486706 -0.06698799 0.07979012 0.001561403 -0.09698963 0.04256201 -0.001821041 -0.09858322 0.04375696 -0.0067873 -0.07418251 0.08742285 -0.003724813 -0.1058435 0.04720926 -0.004034996 -0.07861996 0.09152269 -0.003724813 -0.1058435 0.04720926 -0.0006155968 -0.1099825 0.04674911 -0.004034996 -0.07861996 0.09152269 -0.00335288 -0.0673933 0.08027458 -0.001821041 -0.03986835 0.1001172 -0.0002486706 -0.06698799 0.07979012 -0.001821041 -0.03986835 0.1001172 0.001857996 -0.03911591 0.0986743 -0.0002486706 -0.06698799 0.07979012 -0.006205559 -0.04427814 0.1081557 -0.0067873 -0.07418251 0.08742285 -0.003277302 -0.04625225 0.1125245 -0.0067873 -0.07418251 0.08742285 -0.004034996 -0.07861996 0.09152269 -0.003277302 -0.04625225 0.1125245 -0.001821041 0.07362366 0.07754278 -0.001821041 0.09619904 0.04375696 0.001522779 0.072855 0.07664251 -0.001821041 0.09619904 0.04375696 0.00156188 0.09446907 0.04293156 0.001522779 0.072855 0.07664251 -0.003724813 -0.1058435 0.04720926 -0.003538609 -0.1163683 0.005621433 -0.0006155968 -0.1099825 0.04674911 -0.003538609 -0.1163683 0.005621433 -0.0006456375 -0.1219521 0.003137589 -0.0006155968 -0.1099825 0.04674911 -0.001821041 0.09619904 0.04375696 -0.001821041 0.104126 0.003903866 0.00156188 0.09446907 0.04293156 -0.001821041 0.104126 0.003903866 0.001103401 0.103775 0.003863811 0.00156188 0.09446907 0.04293156 -0.003724813 0.1056213 0.0483532 -0.0009183884 0.1109829 0.04835749 -0.003538609 0.1066017 0.005621433 -0.0009183884 0.1109829 0.04835749 -0.0004551411 0.110899 0.00270319 -0.003538609 0.1066017 0.005621433 -0.000357151 0.1047878 0.01809907 -0.0003912449 0.1100406 0.00920248 -0.01835716 0.09080696 0.009404659 -0.0003912449 0.1100406 0.00920248 -0.0239718 0.1100406 -0.0004076958 -0.01835716 0.09080696 0.009404659 -0.01835716 0.09080696 0.009404659 -0.0239718 0.1100406 -0.0004076958 -0.01835716 0.09080696 -0.01021957 -0.000357151 0.1047878 -0.01891422 -0.01835716 0.09080696 -0.01021957 -0.0003912449 0.1100406 -0.0100174 -0.01835716 0.09080696 -0.01021957 -0.0239718 0.1100406 -0.0004076958 -0.0003912449 0.1100406 -0.0100174 -0.000357151 0.1047878 0.01809907 0.01764297 0.09080696 0.009404659 -0.0003912449 0.1100406 0.00920248 0.01764297 0.09080696 0.009404659 0.02318954 0.1100406 0.004687786 -0.0003912449 0.1100406 0.00920248 -0.000357151 0.1047878 -0.01891422 -0.0003912449 0.1100406 -0.0100174 0.01764297 0.09080696 -0.01021957 -0.0003912449 0.1100406 -0.0100174 0.02318954 0.1100406 -0.005502701 0.01764297 0.09080696 -0.01021957 -0.08184814 0.08398438 0.01337862 -0.05010271 0.09753799 0.02071357 -0.08754063 0.08979416 0.01337862 -0.05010271 0.09753799 0.02071357 -0.05327654 0.1151733 0.02071357 -0.08754063 0.08979416 0.01337862 -0.01661158 0.08058357 -0.009268761 -0.01835716 0.09080696 -0.01021957 -0.000357151 0.07661057 -0.01712084 -0.01835716 0.09080696 -0.01021957 -0.000357151 0.1047878 -0.01891422 -0.000357151 0.07661057 -0.01712084 -0.000357151 0.1047878 0.01809907 -0.01835716 0.09080696 0.009404659 -0.000357151 0.07660866 0.01630449 -0.01835716 0.09080696 0.009404659 -0.01661164 0.08058357 0.008452415 -0.000357151 0.07660866 0.01630449 -0.07525635 0.04879761 0.07432032 -0.0710144 0.08392906 0.04465246 -0.1131992 0.05788422 0.00828886 -0.0710144 0.08392906 0.04465246 -0.08508205 0.0878334 0.01243639 -0.1131992 0.05788422 0.00828886 0.06430054 1.082726 -0.0003967285 0.09008789 1.053627 -0.007873535 0.0579834 1.071281 -0.01541138 0.09008789 1.053627 -0.007873535 0.06430054 1.082726 -0.0003967285 0.09008789 1.053627 0.007049561 0.09008789 1.053627 0.007049561 0.06430054 1.082726 -0.0003967285 0.0579834 1.071281 0.0145874 0.03182983 1.087112 0.007049561 0.06430054 1.082726 -0.0003967285 0.03182983 1.087112 -0.007873535 -0.04000854 0.2090111 -0.01333618 -0.03109741 0.2177925 -0.008392334 0.001281738 0.2090111 -0.02639771 -0.03109741 0.2177925 -0.008392334 0.001281738 0.2177925 -0.01644897 0.001281738 0.2090111 -0.02639771 0.001281738 0.2177925 0.01565552 -0.03109741 0.2177925 0.007568359 0.001281738 0.2090111 0.02557373 -0.03109741 0.2177925 0.007568359 -0.04000854 0.2090111 0.01251221 0.001281738 0.2090111 0.02557373 0.01068115 0.9487381 0.01275635 0.0557251 0.9487381 0.006134033 0.01068115 0.9540558 0.019104 0.0557251 0.9487381 0.006134033 0.0664978 0.9540558 0.009307861 0.01068115 0.9540558 0.019104 0.04595947 0.2090111 0.01251221 0.03707886 0.2177925 0.007568359 0.001281738 0.2090111 0.02557373 0.03707886 0.2177925 0.007568359 0.001281738 0.2177925 0.01565552 0.001281738 0.2090111 0.02557373 0.001281738 0.2177925 -0.01644897 0.03707886 0.2177925 -0.008392334 0.001281738 0.2090111 -0.02639771 0.03707886 0.2177925 -0.008392334 0.04595947 0.2090111 -0.01333618 0.001281738 0.2090111 -0.02639771 0.01068115 0.9487381 -0.0135498 0.01068115 0.9540558 -0.01992798 0.0557251 0.9487381 -0.006958008 0.01068115 0.9540558 -0.01992798 0.0664978 0.9540558 -0.01010132 0.0557251 0.9487381 -0.006958008 0.06430054 1.082726 -0.0003967285 0.03182983 1.087112 0.007049561 0.0579834 1.071281 0.0145874 0.03182983 1.087112 -0.007873535 0.06430054 1.082726 -0.0003967285 0.0579834 1.071281 -0.01541138 -0.04670334 -0.1036167 -0.009016514 -0.08397961 -0.07780027 -0.009441853 -0.04670334 -0.1036167 0.008201122 -0.08397961 -0.07780027 0.008626461 -0.04670334 -0.1154699 0.008201122 -0.1014748 -0.08368587 0.008626461 -0.04670334 -0.1154699 -0.009016514 -0.1014748 -0.08368587 -0.009441853 0.06541157 0.1243114 0.01261854 0.06967831 0.1144409 0.01261854 0.06541157 0.1243114 -0.01343346 0.06967831 0.1144409 -0.01343346 -0.01585996 -0.1036167 0.008456707 -0.01585996 -0.1036167 -0.009271622 -0.04670334 -0.1036167 0.008201122 -0.04670334 -0.1036167 -0.009016514 -0.01585996 -0.1154699 0.008456707 -0.01585996 -0.1036167 0.008456707 -0.04670334 -0.1154699 0.008201122 -0.04670334 -0.1036167 0.008201122 -0.08397961 -0.07780027 0.008626461 -0.1014748 -0.08368587 0.008626461 -0.09705639 -0.03527164 0.01004171 -0.1163616 -0.03573513 0.01004171 -0.1012764 0.002035141 0.01090384 -0.1232862 -0.001499176 0.0108273 -0.1199837 0.06015015 0.01165581 -0.1020451 0.05786896 0.01165581 -0.08754063 0.08979416 0.01337862 -0.08184814 0.08398438 0.01337862 -0.01585996 -0.1154699 -0.009271622 -0.01585996 -0.1154699 0.008456707 -0.04670334 -0.1154699 -0.009016514 -0.04670334 -0.1154699 0.008201122 -0.01585996 -0.1036167 -0.009271622 -0.01585996 -0.1154699 -0.009271622 -0.04670334 -0.1036167 -0.009016514 -0.04670334 -0.1154699 -0.009016514 -0.08397961 -0.07780027 -0.009441853 -0.1014748 -0.08368587 -0.009441853 -0.09705639 -0.03527164 -0.01085663 -0.101243 0.001255989 -0.01170492 -0.114048 -0.0004634857 -0.01165581 -0.1020451 0.05786896 -0.01247072 -0.1199837 0.06015015 -0.01247072 -0.09446049 0.09685516 -0.01419353 -0.08184814 0.08398438 -0.01419353 -0.08397961 -0.07780027 -0.009441853 -0.09705639 -0.03527164 -0.01085663 -0.08397961 -0.07780027 0.008626461 -0.09705639 -0.03527164 0.01004171 -0.09705639 -0.03527164 -0.01085663 -0.101243 0.001255989 -0.01170492 -0.09705639 -0.03527164 0.01004171 -0.1012764 0.002035141 0.01090384 -0.1020451 0.05786896 -0.01247072 -0.08184814 0.08398438 -0.01419353 -0.1020451 0.05786896 0.01165581 -0.08184814 0.08398438 0.01337862 -0.08754063 0.08979416 0.01337862 -0.09446049 0.09685516 0.0004959106 -0.1199837 0.06015015 0.01165581 -0.05327654 0.1151733 0.02071357 -0.08184814 0.08398438 -0.01419353 -0.05010271 0.09753799 -0.02152872 -0.08184814 0.08398438 0.01337862 -0.05010271 0.09753799 0.02071357 -0.05327654 0.1151733 0.02071357 0.04675817 0.1153297 0.02071357 -0.05327654 0.1151733 -0.02152872 0.04675817 0.1153297 -0.02152872 -0.05327654 0.1151733 -0.02152872 0.04675817 0.1153297 -0.02152872 -0.05010271 0.09753799 -0.02152872 0.04763031 0.09753799 -0.02152872 -0.05010271 0.09753799 -0.02152872 0.04763031 0.09753799 -0.02152872 -0.05010271 0.09753799 0.02071357 0.04763031 0.09753799 0.02071357 -0.05327654 0.1151733 0.02071357 -0.05010271 0.09753799 0.02071357 0.04675817 0.1153297 0.02071357 0.04763031 0.09753799 0.02071357 0.04675817 0.1153297 0.02071357 0.06541157 0.1243114 0.01261854 0.04675817 0.1153297 -0.02152872 0.06541157 0.1243114 -0.01343346 0.04763031 0.09753799 -0.02152872 0.06967831 0.1144409 -0.01343346 0.04763031 0.09753799 0.02071357 0.06967831 0.1144409 0.01261854 -0.1199837 0.06015015 0.01165581 -0.09446049 0.09685516 0.0004959106 -0.1199837 0.06015015 -0.01247072 -0.09446049 0.09685516 -0.01419353 -0.05327654 0.1151733 0.02071357 -0.05327654 0.1151733 -0.02152872 -0.09446049 0.09685516 0.0004959106 -0.09446049 0.09685516 -0.01419353 -0.1163616 -0.03573513 0.01004171 -0.1232862 -0.001499176 0.0108273 -0.1163616 -0.03573513 -6.151199E-05 -0.1232643 -0.002079964 -0.006026745 -0.1014748 -0.08368587 -0.009441853 -0.1014748 -0.08368587 0.008626461 -0.1163616 -0.03573513 -6.151199E-05 -0.1163616 -0.03573513 0.01004171 -0.03226995 -0.105998 0.03467298 -0.003724813 -0.1058435 0.04720926 -0.05887222 -0.08064461 0.06127501 -0.0067873 -0.07418251 0.08742285 -0.03226995 -0.105998 0.03467298 -0.05887222 -0.08064461 0.06127501 -0.05173588 -0.1116743 0.005807877 -0.09347439 -0.08680058 0.007338524 -0.05887222 -0.08064461 0.06127501 -0.0067873 -0.07418251 0.08742285 -0.0766077 -0.04445076 0.07760668 -0.006205559 -0.04427814 0.1081557 -0.0766077 -0.04445076 0.07760668 -0.006205559 -0.04427814 0.1081557 -0.08282852 -1.621246E-05 0.0838275 -0.006522417 0.006820679 0.1168466 -0.1086416 -0.04430866 0.00828886 -0.0766077 -0.04445076 0.07760668 -0.1158485 -1.621246E-05 0.00860548 -0.08282852 -1.621246E-05 0.0838275 -0.08282852 -1.621246E-05 0.0838275 -0.006522417 0.006820679 0.1168466 -0.07525635 0.04879761 0.07432032 -0.006205559 0.04358864 0.107163 -0.03226995 -0.105998 0.03467298 -0.003538609 -0.1163683 0.005621433 -0.003724813 -0.1058435 0.04720926 -0.05173588 -0.1116743 0.005807877 -0.00335288 -0.0673933 0.08027458 -0.001821041 -0.09858322 0.04375696 -0.05242777 -0.07365465 0.05597448 -0.02853751 -0.09858322 0.03208447 -0.001821041 -0.03986835 0.1001172 -0.00335288 -0.0673933 0.08027458 -0.06839037 -0.03986835 0.07193756 -0.05242777 -0.07365465 0.05597448 -0.001821041 0.006820679 0.1080441 -0.001821041 -0.03986835 0.1001172 -0.07399607 -1.621246E-05 0.07754278 -0.06839037 -0.03986835 0.07193756 -0.07399607 -1.621246E-05 0.07754278 -0.06839037 -0.03986835 0.07193756 -0.1044979 -1.621246E-05 0.003903866 -0.09805679 -0.03989983 0.003903866 -0.001821041 0.03983688 0.1001172 -0.001821041 0.006820679 0.1080441 -0.06839037 0.03983688 0.07193756 -0.07399607 -1.621246E-05 0.07754278 -0.001821041 0.03983688 0.1001172 -0.06839037 0.03983688 0.07193756 -0.001821041 0.07362366 0.07754278 -0.05242777 0.07362366 0.05597448 -0.06839037 0.03983688 0.07193756 -0.1041164 0.05783653 0.003903866 -0.05242777 0.07362366 0.05597448 -0.08233166 0.08405495 0.003903866 -0.001821041 0.07362366 0.07754278 -0.05242777 0.07362366 0.05597448 -0.001821041 0.09619904 0.04375696 -0.02853751 0.09619904 0.03208447 -0.02853751 0.09619904 0.03208447 -0.05242777 0.07362366 0.05597448 -0.04749489 0.1013641 0.003903866 -0.08233166 0.08405495 0.003903866 -0.001821041 0.09619904 0.04375696 -0.02853751 0.09619904 0.03208447 -0.001821041 0.104126 0.003903866 -0.04749489 0.1013641 0.003903866 0.006531239 -0.06698799 0.07979012 0.005348206 -0.07861996 0.09152269 0.01054025 -0.09698963 0.04256201 0.009026051 -0.1099825 0.04674911 0.009224892 -0.03911591 0.0986743 0.007498264 -0.04625225 0.1125245 0.006531239 -0.06698799 0.07979012 0.005348206 -0.07861996 0.09152269 0.004127264 0.007285118 0.1222434 0.007498264 -0.04625225 0.1125245 0.009224892 -0.03911591 0.0986743 0.005342245 0.006781578 0.1068626 0.005433559 0.04600525 0.1117091 0.006800652 0.03943253 0.09913874 0.008164883 0.072855 0.07664251 0.006756306 0.08563042 0.08515596 0.01043653 0.09446907 0.04293156 0.008895397 0.1109829 0.04835749 0.01054025 -0.09698963 0.04256201 0.009026051 -0.1099825 0.04674911 0.006757975 -0.1045981 0.003448486 0.005821705 -0.1219521 0.003137589 0.006720304 0.103775 0.003863811 0.005848408 0.110899 0.00270319 0.01043653 0.09446907 0.04293156 0.008895397 0.1109829 0.04835749 -0.001821041 -0.03986835 0.1001172 -0.001821041 0.006820679 0.1080441 0.001857996 -0.03911591 0.0986743 0.001780033 0.006781578 0.1068626 -0.006205559 -0.04427814 0.1081557 -0.003277302 -0.04625225 0.1125245 -0.006522417 0.006820679 0.1168466 -0.003794193 0.007285118 0.1222434 -0.001821041 0.006820679 0.1080441 -0.001821041 0.03983688 0.1001172 0.001780033 0.006781578 0.1068626 0.001679182 0.03943253 0.09913874 -0.006522417 0.006820679 0.1168466 -0.003794193 0.007285118 0.1222434 -0.006205559 0.04358864 0.107163 -0.003423691 0.04600525 0.1117091 -0.001821041 0.03983688 0.1001172 -0.001821041 0.07362366 0.07754278 0.001679182 0.03943253 0.09913874 0.001522779 0.072855 0.07664251 -0.006205559 0.04358864 0.107163 -0.003423691 0.04600525 0.1117091 -0.005255461 0.08130646 0.08229494 -0.002408504 0.08563042 0.08515596 -0.005255461 0.08130646 0.08229494 -0.002408504 0.08563042 0.08515596 -0.003724813 0.1056213 0.0483532 -0.0009183884 0.1109829 0.04835749 -0.001821041 -0.09858322 0.04375696 0.001561403 -0.09698963 0.04256201 -0.001821041 -0.1065111 0.003903866 0.001374006 -0.1045981 0.003448486 -0.0002486706 -0.06698799 0.07979012 0.006531239 -0.06698799 0.07979012 0.001561403 -0.09698963 0.04256201 0.01054025 -0.09698963 0.04256201 -0.004034996 -0.07861996 0.09152269 -0.0006155968 -0.1099825 0.04674911 0.005348206 -0.07861996 0.09152269 0.009026051 -0.1099825 0.04674911 -0.0002486706 -0.06698799 0.07979012 0.001857996 -0.03911591 0.0986743 0.006531239 -0.06698799 0.07979012 0.009224892 -0.03911591 0.0986743 -0.004034996 -0.07861996 0.09152269 0.005348206 -0.07861996 0.09152269 -0.003277302 -0.04625225 0.1125245 0.007498264 -0.04625225 0.1125245 0.001780033 0.006781578 0.1068626 0.005342245 0.006781578 0.1068626 0.001857996 -0.03911591 0.0986743 0.009224892 -0.03911591 0.0986743 -0.003794193 0.007285118 0.1222434 -0.003277302 -0.04625225 0.1125245 0.004127264 0.007285118 0.1222434 0.007498264 -0.04625225 0.1125245 0.001780033 0.006781578 0.1068626 0.001679182 0.03943253 0.09913874 0.005342245 0.006781578 0.1068626 0.006800652 0.03943253 0.09913874 -0.003794193 0.007285118 0.1222434 0.004127264 0.007285118 0.1222434 -0.003423691 0.04600525 0.1117091 0.005433559 0.04600525 0.1117091 0.001679182 0.03943253 0.09913874 0.001522779 0.072855 0.07664251 0.006800652 0.03943253 0.09913874 0.008164883 0.072855 0.07664251 -0.003423691 0.04600525 0.1117091 0.005433559 0.04600525 0.1117091 -0.002408504 0.08563042 0.08515596 0.006756306 0.08563042 0.08515596 0.001522779 0.072855 0.07664251 0.00156188 0.09446907 0.04293156 0.008164883 0.072855 0.07664251 0.01043653 0.09446907 0.04293156 -0.002408504 0.08563042 0.08515596 0.006756306 0.08563042 0.08515596 -0.0009183884 0.1109829 0.04835749 0.008895397 0.1109829 0.04835749 0.001374006 -0.1045981 0.003448486 0.001561403 -0.09698963 0.04256201 0.006757975 -0.1045981 0.003448486 0.01054025 -0.09698963 0.04256201 -0.0006456375 -0.1219521 0.003137589 0.005821705 -0.1219521 0.003137589 -0.0006155968 -0.1099825 0.04674911 0.009026051 -0.1099825 0.04674911 0.001103401 0.103775 0.003863811 0.006720304 0.103775 0.003863811 0.00156188 0.09446907 0.04293156 0.01043653 0.09446907 0.04293156 -0.0004551411 0.110899 0.00270319 -0.0009183884 0.1109829 0.04835749 0.005848408 0.110899 0.00270319 0.008895397 0.1109829 0.04835749 -0.01638085 -0.03314114 0.00832653 -0.01835716 -0.04170799 0.009404659 -0.000357151 -0.04187107 0.01606703 -0.000357151 -0.05335331 0.01809907 -0.000357151 -0.05335331 -0.01891422 -0.01835716 -0.04170799 -0.01021957 -0.000357151 -0.04187107 -0.0168829 -0.01638091 -0.03314114 -0.009142876 -0.005831957 -0.1501198 0.002576828 -0.005831957 -0.1501198 -0.003391743 -0.000357151 -0.1501198 -0.006036282 -0.000357151 -0.1501198 0.005221367 0.005117416 -0.1501198 0.002576828 0.005117416 -0.1501198 -0.003391743 -0.01835716 -0.04170799 0.009404659 -0.01638085 -0.03314114 0.00832653 -0.01835716 -0.04170799 -0.01021957 -0.01638091 -0.03314114 -0.009142876 0.01764297 -0.06638622 -0.01021957 0.01566744 -0.05353737 -0.009142876 0.01764297 -0.06638622 0.009404659 0.01566744 -0.05353737 0.00832653 0.01764297 -0.06638622 0.009404659 0.01566744 -0.05353737 0.00832653 -0.000357151 -0.05335331 0.01809907 -0.000357151 -0.04187107 0.01606703 -0.000357151 -0.04187107 -0.0168829 0.01566744 -0.05353737 -0.009142876 -0.000357151 -0.05335331 -0.01891422 0.01764297 -0.06638622 -0.01021957 0.01764297 0.09080696 -0.01021957 0.02318954 0.1100406 -0.005502701 0.01764297 0.09080696 0.009404659 0.02318954 0.1100406 0.004687786 -0.01835716 -0.08296394 -0.01021957 -0.000357151 -0.08296394 -0.01891422 -0.01139009 -0.09499741 -0.006422043 -0.000357151 -0.09499741 -0.0117507 -0.01835716 -0.08296394 -0.01021957 -0.01139009 -0.09499741 -0.006422043 -0.01835716 -0.08296394 0.009404659 -0.01139009 -0.09499741 0.005606651 -0.01835716 -0.08296394 0.009404659 -0.01139009 -0.09499741 0.005606651 -0.000357151 -0.08296394 0.01809907 -0.000357151 -0.09499741 0.01093578 0.01764297 -0.08296394 -0.01021957 0.01067591 -0.09499741 -0.006422043 -0.000357151 -0.08296394 -0.01891422 -0.000357151 -0.09499741 -0.0117507 0.01764297 -0.08296394 0.009404659 -0.000357151 -0.08296394 0.01809907 0.01067591 -0.09499741 0.005606651 -0.000357151 -0.09499741 0.01093578 0.01764297 -0.08296394 0.009404659 0.01067591 -0.09499741 0.005606651 0.01764297 -0.08296394 -0.01021957 0.01067591 -0.09499741 -0.006422043 -0.000357151 -0.09499741 -0.0117507 -0.000357151 -0.1027193 -0.01712561 -0.01139009 -0.09499741 -0.006422043 -0.01661789 -0.1027193 -0.009271622 -0.01139009 -0.09499741 -0.006422043 -0.01661789 -0.1027193 -0.009271622 -0.01139009 -0.09499741 0.005606651 -0.01661789 -0.1027193 0.008456707 -0.000357151 -0.09499741 0.01093578 -0.01139009 -0.09499741 0.005606651 -0.000357151 -0.1027193 0.01631069 -0.01661789 -0.1027193 0.008456707 -0.000357151 -0.09499741 -0.0117507 0.01067591 -0.09499741 -0.006422043 -0.000357151 -0.1027193 -0.01712561 0.01590347 -0.1027193 -0.009271622 -0.000357151 -0.09499741 0.01093578 -0.000357151 -0.1027193 0.01631069 0.01067591 -0.09499741 0.005606651 0.01590347 -0.1027193 0.008456707 0.01067591 -0.09499741 0.005606651 0.01590347 -0.1027193 0.008456707 0.01067591 -0.09499741 -0.006422043 0.01590347 -0.1027193 -0.009271622 -0.000357151 -0.1027193 -0.01712561 -0.000357151 -0.1154699 -0.01712561 -0.01661789 -0.1027193 -0.009271622 -0.01661789 -0.1154699 -0.009271622 -0.01661789 -0.1027193 0.008456707 -0.01661789 -0.1154699 0.008456707 -0.000357151 -0.1027193 0.01631069 -0.000357151 -0.1154699 0.01631069 0.01590347 -0.1027193 -0.009271622 0.01590347 -0.1154699 -0.009271622 -0.000357151 -0.1027193 -0.01712561 -0.000357151 -0.1154699 -0.01712561 -0.000357151 -0.1027193 0.01631069 -0.000357151 -0.1154699 0.01631069 0.01590347 -0.1027193 0.008456707 0.01590347 -0.1154699 0.008456707 0.01590347 -0.1027193 0.008456707 0.01590347 -0.1154699 0.008456707 0.01590347 -0.1027193 -0.009271622 0.01590347 -0.1154699 -0.009271622 -0.01661789 -0.1154699 -0.009271622 -0.000357151 -0.1154699 -0.01712561 -0.008585095 -0.1221027 -0.004892826 -0.000357151 -0.1221027 -0.008866787 -0.01661789 -0.1154699 -0.009271622 -0.008585095 -0.1221027 -0.004892826 -0.01661789 -0.1154699 0.008456707 -0.008585095 -0.1221027 0.004077435 -0.01661789 -0.1154699 0.008456707 -0.008585095 -0.1221027 0.004077435 -0.000357151 -0.1154699 0.01631069 -0.000357151 -0.1221027 0.008051872 0.01590347 -0.1154699 -0.009271622 0.007870674 -0.1221027 -0.004892826 -0.000357151 -0.1154699 -0.01712561 -0.000357151 -0.1221027 -0.008866787 0.01590347 -0.1154699 0.008456707 -0.000357151 -0.1154699 0.01631069 0.007870674 -0.1221027 0.004077435 -0.000357151 -0.1221027 0.008051872 0.01590347 -0.1154699 0.008456707 0.007870674 -0.1221027 0.004077435 0.01590347 -0.1154699 -0.009271622 0.007870674 -0.1221027 -0.004892826 -0.000357151 -0.1221027 -0.008866787 -0.000357151 -0.1256437 -0.008866787 -0.008585095 -0.1221027 -0.004892826 -0.008585095 -0.1256437 -0.004892826 -0.008585095 -0.1221027 -0.004892826 -0.008585095 -0.1256437 -0.004892826 -0.008585095 -0.1221027 0.004077435 -0.008585095 -0.1256437 0.004077435 -0.008585095 -0.1221027 0.004077435 -0.008585095 -0.1256437 0.004077435 -0.000357151 -0.1221027 0.008051872 -0.000357151 -0.1256437 0.008051872 0.007870674 -0.1221027 -0.004892826 0.007870674 -0.1256437 -0.004892826 -0.000357151 -0.1221027 -0.008866787 -0.000357151 -0.125643