<Hierarchy>:
	<Frame>: 0 0 HumanMale_Character_FREE
		<Transform>: 0 0 0 0 0 0 1 1 1 0 0 0 1  
		<TransformMatrix>: 1 0 0 0 0 1 0 0 0 0 1 0 0 0 0 1  
		<Children>: 2
			<Frame>: 1 0 Armature
				<Transform>: 0 0 0 0 0 0 1 1 1 0 0 0 1  
				<TransformMatrix>: 1 0 0 0 0 1 0 0 0 0 1 0 0 0 0 1  
				<Children>: 1
					<Frame>: 2 0 Root_M
						<Transform>: 0.008023625 0.9683681 0.01346666 356.141 268.0536 250.5658 1 1 1 -0.5730903 0.4341793 0.5809929 -0.3814489  
						<TransformMatrix>: -0.05212879 -0.940886 -0.3346884 0 -0.05440977 -0.3319705 0.9417195 0 -0.9971572 0.06730086 -0.03388834 0 0.008023625 0.9683681 0.01346666 1  
						<Children>: 3
							<Frame>: 3 0 Hip_L
								<Transform>: 0.07435895 0.003879611 0.1090308 354.6313 185.6616 173.1394 1 1 1 -0.9960347 -0.0573868 0.04644533 0.04964432  
								<TransformMatrix>: 0.9890991 0.11893 -0.08682448 0 0.109707 -0.9884847 -0.1042256 0 -0.09822018 0.09356423 -0.9907569 0 0.07435895 0.003879611 0.1090308 1  
								<Children>: 1
									<Frame>: 4 0 Knee_L
										<Transform>: 0.4809677 1.192089E-07 -1.210715E-07 358.0079 356.0988 112.2942 1 1 1 -0.03794094 -0.004530034 0.8295342 0.5571473  
										<TransformMatrix>: -0.3762949 0.9246892 -0.05789883 0 -0.9240018 -0.3791329 -0.04979302 0 -0.06799441 0.03476175 0.9970799 0 0.4809677 1.192089E-07 -1.210715E-07 1  
										<Children>: 1
											<Frame>: 5 0 Ankle_L
												<Transform>: 0.4152896 5.960448E-08 0 351.7077 358.2344 4.291872 1 1 1 -0.07281678 -0.01264865 0.03622932 0.9966068  
												<TransformMatrix>: 0.9970549 0.07405485 0.01993526 0 -0.07037072 0.9867703 -0.1460559 0 -0.03048767 0.1442229 0.9890755 0 0.4152896 5.960448E-08 0 1  
												<Children>: 1
													<Frame>: 6 0 Toes_L
														<Transform>: 0.06723818 -0.130438 -3.725268E-08 358.4266 0.4734446 279.8197 1 1 1 0.01316408 0.005681313 0.6438828 -0.7649899  
														<TransformMatrix>: 0.1707655 -0.984978 0.02564455 0 0.9852772 0.1704834 -0.01282458 0 0.008259958 0.02745698 0.9995888 0 0.06723818 -0.130438 -3.725268E-08 1  
														<Children>: 1
															<Frame>: 7 0 ToesEnd_L
																<Transform>: 0.06212813 -2.620126E-16 5.32907E-17 0 0 0 1 1 1 0 0 0 1  
																<TransformMatrix>: 1 0 0 0 0 1 0 0 0 0 1 0 0.06212813 -2.620126E-16 5.32907E-17 1  
																<Children>: 0
															</Frame>
													</Frame>
											</Frame>
									</Frame>
							</Frame>
							<Frame>: 8 0 Hip_R
								<Transform>: 0.07435895 0.003879626 -0.1090308 3.879049 176.2922 309.2401 1 1 1 -0.4271602 0.9029644 -0.04442061 0.01471342  
								<TransformMatrix>: -0.6346357 -0.772728 0.01137805 0 -0.7701138 0.6311219 -0.09279042 0 0.06452082 -0.06765048 -0.995621 0 0.07435895 0.003879626 -0.1090308 1  
								<Children>: 1
									<Frame>: 9 0 Knee_R
										<Transform>: -0.4809676 1.49011E-07 1.573928E-07 355.7754 357.2528 62.28769 1 1 1 -0.04392586 -0.001445167 0.5159323 0.8555012  
										<TransformMatrix>: 0.4676237 0.8828883 -0.04285285 0 -0.8826344 0.4637688 -0.07664847 0 -0.04779822 0.07366604 0.9961368 0 -0.4809676 1.49011E-07 1.573928E-07 1  
										<Children>: 1
											<Frame>: 10 0 Ankle_R
												<Transform>: -0.4152896 8.940653E-08 4.470318E-08 355.9658 7.326191 330.3017 1 1 1 -0.05031614 0.05271566 -0.2534194 0.9646077  
												<TransformMatrix>: 0.8659993 -0.4942055 -0.0761977 0 0.4835957 0.8664938 -0.123789 0 0.127202 0.07035234 0.9893787 0 -0.4152896 8.940653E-08 4.470318E-08 1  
												<Children>: 1
													<Frame>: 11 0 Toes_R
														<Transform>: -0.06723825 0.130438 0 358.4918 0.2432805 269.4315 1 1 1 -0.01076873 -0.007858957 -0.7105229 0.7035477  
														<TransformMatrix>: -0.009809017 -0.9996042 0.02636117 0 0.9999428 -0.009917498 -0.003984698 0 0.004244561 0.02632057 0.9996445 0 -0.06723825 0.130438 0 1  
														<Children>: 1
															<Frame>: 12 0 ToesEnd_R
																<Transform>: -0.06212813 2.531308E-16 -3.552714E-17 0 0 0 1 1 1 0 0 0 1  
																<TransformMatrix>: 1 0 0 0 0 1 0 0 0 0 1 0 -0.06212813 2.531308E-16 -3.552714E-17 1  
																<Children>: 0
															</Frame>
													</Frame>
											</Frame>
									</Frame>
							</Frame>
							<Frame>: 13 0 Spine1_M
								<Transform>: -0.1001136 -1.490115E-08 -5.93717E-09 357.2976 3.708537 343.9111 1 1 1 -0.02786325 0.02873195 -0.1390737 0.9894729  
								<TransformMatrix>: 0.959666 -0.2768205 -0.04910888 0 0.2736182 0.9597643 -0.06313159 0 0.06460906 0.04714816 0.9967963 0 -0.1001136 -1.490115E-08 -5.93717E-09 1  
								<Children>: 1
									<Frame>: 14 0 Spine2_M
										<Transform>: -0.109989 -3.725284E-08 -2.840527E-08 354.4329 0.04865971 359.4984 1 1 1 -0.0485648 0.0002115785 -0.004351016 0.9988105  
										<TransformMatrix>: 0.999962 -0.008712232 -4.129834E-08 0 0.008671131 0.995245 -0.09701589 0 0.0008452662 0.09701221 0.9952828 0 -0.109989 -3.725284E-08 -2.840527E-08 1  
										<Children>: 1
											<Frame>: 15 0 Chest_M
												<Transform>: -0.09375565 -2.980228E-08 -3.16649E-08 348.265 357.4191 350.8262 1 1 1 -0.100083 -0.03050409 -0.08182701 0.9911394  
												<TransformMatrix>: 0.9847477 -0.1560981 0.07684659 0 0.1683098 0.9665755 -0.1934002 0 -0.04408863 0.2033845 0.9781058 0 -0.09375565 -2.980228E-08 -3.16649E-08 1  
												<Children>: 3
													<Frame>: 16 0 Neck_M
														<Transform>: -0.1890077 -8.940676E-08 -6.705498E-08 -4.477046E-06 -2.14843E-06 344.8748 1 1 1 -3.626227E-08 -2.372741E-08 -0.1316089 0.9913018  
														<TransformMatrix>: 0.9653582 -0.2609282 5.658693E-08 0 0.2609282 0.9653582 -6.564823E-08 0 -3.749718E-08 7.813919E-08 1 0 -0.1890077 -8.940676E-08 -6.705498E-08 1  
														<Children>: 1
															<Frame>: 17 0 Head_M
																<Transform>: -0.09533884 -4.470333E-08 -5.145529E-08 15.10577 8.575313 44.846 1 1 1 0.149434 0.01851477 0.3679897 0.9175566  
																<TransformMatrix>: 0.7284815 0.6808362 0.07600361 0 -0.6697693 0.6845062 0.2878548 0 0.143957 -0.2606018 0.9546534 0 -0.09533884 -4.470333E-08 -5.145529E-08 1  
																<Children>: 8
																	<Frame>: 18 0 Eye_L
																		<Transform>: -0.08498001 0.1527575 0.03923815 19.30015 0 270 1 1 1 0.1185326 0.1185326 -0.6971012 0.6971012  
																		<TransformMatrix>: 0 -0.9438002 -0.3305168 0 1 0 0 0 0 -0.3305168 0.9438001 0 -0.08498001 0.1527575 0.03923815 1  
																		<Children>: 1
																			<Frame>: 19 0 EyeEnd_L
																				<Transform>: -0.01908813 -9.657072E-11 -5.77316E-17 0 0 0 1 1 1 0 0 0 1  
																				<TransformMatrix>: 1 0 0 0 0 1 0 0 0 0 1 0 -0.01908813 -9.657072E-11 -5.77316E-17 1  
																				<Children>: 0
																			</Frame>
																	</Frame>
																	<Frame>: 20 0 Eye_R
																		<Transform>: -0.08498001 0.1527575 -0.03923815 340.6999 9.046128E-07 270 1 1 1 -0.1185326 -0.1185326 -0.6971012 0.6971012  
																		<TransformMatrix>: 0 -0.9438002 0.3305169 0 1 -1.192093E-07 -1.490116E-08 0 1.490116E-08 0.3305169 0.9438001 0 -0.08498001 0.1527575 -0.03923815 1  
																		<Children>: 1
																			<Frame>: 21 0 EyeEnd_R
																				<Transform>: -0.01908813 4.263256E-15 5.32907E-17 0 0 0 1 1 1 0 0 0 1  
																				<TransformMatrix>: 1 0 0 0 0 1 0 0 0 0 1 0 -0.01908813 4.263256E-15 5.32907E-17 1  
																				<Children>: 0
																			</Frame>
																	</Frame>
																	<Frame>: 22 0 HeadEnd_M
																		<Transform>: -0.226057 -8.881784E-17 -2.827934E-16 0 0 0 1 1 1 0 0 0 1  
																		<TransformMatrix>: 1 0 0 0 0 1 0 0 0 0 1 0 -0.226057 -8.881784E-17 -2.827934E-16 1  
																		<Children>: 0
																	</Frame>
																	<Frame>: 23 0 Jaw_M
																		<Transform>: -0.04613633 0.04787168 -5.215371E-08 2.636967E-06 6.886698E-07 235.1182 1 1 1 -5.318869E-09 -2.318132E-08 0.8865342 -0.462663  
																		<TransformMatrix>: -0.5718858 -0.8203331 -3.088099E-08 0 0.8203331 -0.5718858 -3.618037E-08 0 1.201956E-08 -4.602375E-08 1 0 -0.04613633 0.04787168 -5.215371E-08 1  
																		<Children>: 1
																			<Frame>: 24 0 JawEnd_M
																				<Transform>: -0.1485976 1.136868E-15 1.938285E-16 0 0 0 1 1 1 0 0 0 1  
																				<TransformMatrix>: 1 0 0 0 0 1 0 0 0 0 1 0 -0.1485976 1.136868E-15 1.938285E-16 1  
																				<Children>: 0
																			</Frame>
																	</Frame>
																	<Frame>: 25 0 jnt_eyeBrow_L
																		<Transform>: -0.1275424 0.1689907 0.05200751 322.4114 180 102.0027 1 1 1 0.7357234 0.5957489 0.2027432 -0.2503789  
																		<TransformMatrix>: 0.2079569 0.7750875 0.5966518 0 0.978138 -0.1647875 -0.1268511 0 0 0.6099873 -0.7924113 0 -0.1275424 0.1689907 0.05200751 1  
																		<Children>: 1
																			<Frame>: 26 0 jnt_eyeBrow_LEnd_L
																				<Transform>: 0.01172309 -1.136868E-15 8.21565E-17 0 0 0 1 1 1 0 0 0 1  
																				<TransformMatrix>: 1 0 0 0 0 1 0 0 0 0 1 0 0.01172309 -1.136868E-15 8.21565E-17 1  
																				<Children>: 0
																			</Frame>
																	</Frame>
																	<Frame>: 27 0 jnt_eyeBrow_R
																		<Transform>: -0.1275424 0.1689907 -0.05200751 37.58859 180 282.0027 1 1 1 -0.5957489 0.7357234 -0.2503789 -0.2027432  
																		<TransformMatrix>: -0.207957 -0.7750875 0.5966518 0 -0.978138 0.1647874 -0.1268511 0 0 -0.6099873 -0.7924113 0 -0.1275424 0.1689907 -0.05200751 1  
																		<Children>: 1
																			<Frame>: 28 0 jnt_eyeBrowEnd_R
																				<Transform>: -0.01172309 1.705303E-15 -1.065814E-16 0 0 0 1 1 1 0 0 0 1  
																				<TransformMatrix>: 1 0 0 0 0 1 0 0 0 0 1 0 -0.01172309 1.705303E-15 -1.065814E-16 1  
																				<Children>: 0
																			</Frame>
																	</Frame>
																	<Frame>: 29 0 jnt_eyelid_L
																		<Transform>: -0.10017 0.1502806 0.04041439 0.0001335782 180 90 1 1 1 0.7071068 0.7071068 -8.227449E-07 8.257897E-07  
																		<TransformMatrix>: -1.192093E-07 1 -2.33138E-06 0 1 -1.192093E-07 4.305889E-09 0 4.305889E-09 -2.33138E-06 -1 0 -0.10017 0.1502806 0.04041439 1  
																		<Children>: 1
																			<Frame>: 30 0 jnt_eyelid_LEnd_L
																				<Transform>: 0.01697058 0.003547211 -0.007260638 0 0 0 1 1 1 0 0 0 1  
																				<TransformMatrix>: 1 0 0 0 0 1 0 0 0 0 1 0 0.01697058 0.003547211 -0.007260638 1  
																				<Children>: 0
																			</Frame>
																	</Frame>
																	<Frame>: 31 0 jnt_eyelid_R
																		<Transform>: -0.10017 0.1502806 -0.04041439 -0.0001336179 180 270 1 1 1 -0.7071068 0.7071068 8.245119E-07 8.245119E-07  
																		<TransformMatrix>: -1.192093E-07 -1 -2.332072E-06 0 -1 -1.192093E-07 0 0 0 2.332072E-06 -1 0 -0.10017 0.1502806 -0.04041439 1  
																		<Children>: 1
																			<Frame>: 32 0 jnt_eyelidEnd_R
																				<Transform>: -0.01697058 -0.003547211 0.007260638 0 0 0 1 1 1 0 0 0 1  
																				<TransformMatrix>: 1 0 0 0 0 1 0 0 0 0 1 0 -0.01697058 -0.003547211 0.007260638 1  
																				<Children>: 0
																			</Frame>
																	</Frame>
															</Frame>
													</Frame>
													<Frame>: 33 0 Scapula_L
														<Transform>: -0.1038528 -0.02848297 0.04249689 18.73885 91.36863 179.9269 1 1 1 -0.7060286 0.1132829 -0.6892167 -0.1169232  
														<TransformMatrix>: 0.02429456 0.001208797 0.9997043 0 -0.3211328 -0.9469923 0.008949205 0 0.9467227 -0.3212552 -0.02261889 0 -0.1038528 -0.02848297 0.04249689 1  
														<Children>: 1
															<Frame>: 34 0 Shoulder_L
																<Transform>: 0.1601761 -0.001236611 0.0008121524 6.401056 307.7473 338.5633 1 1 1 -0.1310213 0.4226725 0.142562 -0.8853573  
																<TransformMatrix>: 0.6020482 -0.3631949 0.7110749 0 0.1416785 0.925019 0.3525154 0 -0.7857895 -0.1114872 0.6083628 0 0.1601761 -0.001236611 0.0008121524 1  
																<Children>: 1
																	<Frame>: 35 0 Elbow_L
																		<Transform>: 0.2847048 -1.862636E-08 0 356.454 355.3294 230.6639 1 1 1 0.02358461 -0.04536725 -0.9032007 0.4261622  
																		<TransformMatrix>: -0.6356593 -0.7719598 -0.003935669 0 0.76768 -0.6326554 0.1020532 0 -0.08127089 0.06184972 0.9947712 0 0.2847048 -1.862636E-08 0 1  
																		<Children>: 1
																			<Frame>: 36 0 Wrist_L
																				<Transform>: 0.2983443 2.607704E-08 3.911531E-08 352.927 15.64756 335.9934 1 1 1 -0.0880298 0.120188 -0.1974262 0.9689316  
																				<TransformMatrix>: 0.8931555 -0.4037453 -0.1981491 0 0.3614248 0.9065472 -0.2180462 0 0.2676666 0.1231332 0.9556112 0 0.2983443 2.607704E-08 3.911531E-08 1  
																				<Children>: 6
																					<Frame>: 37 0 IndexFinger1_L
																						<Transform>: 0.1230649 -0.02778789 0.001740502 0.9058737 283.4 4.55177 1 1 1 0.01841255 0.6195175 -0.03605905 -0.7839381  
																						<TransformMatrix>: 0.2297956 0.07934992 0.9699988 0 -0.03372232 0.9967214 -0.07354703 0 -0.9726546 -0.01580982 0.2317181 0 0.1230649 -0.02778789 0.001740502 1  
																						<Children>: 1
																							<Frame>: 38 0 IndexFinger2_L
																								<Transform>: 0.04185983 1.303843E-08 -3.538972E-08 359.1657 263.7709 348.7043 1 1 1 0.06842831 -0.7413258 -0.07109809 0.6638515  
																								<TransformMatrix>: -0.1092378 -0.1958525 0.9745303 0 -0.007058188 0.9805253 0.1962662 0 -0.9939907 0.01456123 -0.1084927 0 0.04185983 1.303843E-08 -3.538972E-08 1  
																								<Children>: 1
																									<Frame>: 39 0 IndexFinger3_L
																										<Transform>: 0.0422874 1.629803E-08 -3.725207E-09 358.7404 273.7667 349.7423 1 1 1 0.05310572 -0.6814255 -0.07273435 0.7263256  
																										<TransformMatrix>: 0.06073797 -0.1780328 0.9821484 0 0.03328246 0.983779 0.1762702 0 -0.9975989 0.02198198 0.06567812 0 0.0422874 1.629803E-08 -3.725207E-09 1  
																										<Children>: 1
																											<Frame>: 40 0 IndexFinger4_L
																												<Transform>: 0.03524467 -4.347179E-11 -1.509562E-11 0 0 0 1 1 1 0 0 0 1  
																												<TransformMatrix>: 1 0 0 0 0 1 0 0 0 0 1 0 0.03524467 -4.347179E-11 -1.509562E-11 1  
																												<Children>: 0
																											</Frame>
																									</Frame>
																							</Frame>
																					</Frame>
																					<Frame>: 41 0 jointItemL
																						<Transform>: 0.09962179 0.01181495 0.04095617 357.3357 159.9574 177.1401 1 1 1 0.9840694 0.02861136 0.1744846 -0.01854565  
																						<TransformMatrix>: 0.9374731 0.04983928 0.344471 0 0.062783 -0.9976749 -0.02651593 0 0.3423486 0.04648489 -0.9384224 0 0.09962179 0.01181495 0.04095617 1  
																						<Children>: 0
																					</Frame>
																					<Frame>: 42 0 MiddleFinger1_L
																						<Transform>: 0.1205524 3.725289E-09 -2.98021E-08 6.014953 281.5977 357.1755 1 1 1 0.05620102 -0.6299805 0.01407869 0.7744468  
																						<TransformMatrix>: 0.2058527 -0.0490047 0.9773553 0 -0.09261748 0.9932865 0.06931081 0 -0.9741904 -0.104788 0.199932 0 0.1205524 3.725289E-09 -2.98021E-08 1  
																						<Children>: 1
																							<Frame>: 43 0 MiddleFinger2_L
																								<Transform>: 0.04733938 5.587884E-09 -5.960376E-08 6.276822 259.7933 353.8936 1 1 1 0.07586816 -0.7630943 0.007831451 0.6417708  
																								<TransformMatrix>: -0.1647485 -0.1057371 0.9806516 0 -0.1258411 0.9883654 0.08542766 0 -0.9782749 -0.1093322 -0.1761378 0 0.04733938 5.587884E-09 -5.960376E-08 1  
																								<Children>: 1
																									<Frame>: 44 0 MiddleFinger3_L
																										<Transform>: 0.0392444 7.450517E-09 -4.284012E-08 7.034701 257.8661 356.805 1 1 1 0.06018327 -0.775039 0.03021937 0.6283147  
																										<TransformMatrix>: -0.2031971 -0.05531421 0.9775741 0 -0.1312633 0.9909295 0.02878569 0 -0.9702993 -0.1224704 -0.2086148 0 0.0392444 7.450517E-09 -4.284012E-08 1  
																										<Children>: 1
																											<Frame>: 45 0 MiddleFinger4_L
																												<Transform>: 0.03977152 -4.981451E-11 -4.946799E-12 0 0 0 1 1 1 0 0 0 1  
																												<TransformMatrix>: 1 0 0 0 0 1 0 0 0 0 1 0 0.03977152 -4.981451E-11 -4.946799E-12 1  
																												<Children>: 0
																											</Frame>
																									</Frame>
																							</Frame>
																					</Frame>
																					<Frame>: 46 0 PinkyFinger1_L
																						<Transform>: 0.1151768 0.05928549 0.009676431 22.46328 266.524 351.2197 1 1 1 0.1877717 -0.7019661 0.08996892 0.6810954  
																						<TransformMatrix>: -0.001701713 -0.141064 0.9899991 0 -0.3861736 0.9132947 0.1294707 0 -0.9224246 -0.3820912 -0.05602932 0 0.1151768 0.05928549 0.009676431 1  
																						<Children>: 1
																							<Frame>: 47 0 PinkyFinger2_L
																								<Transform>: 0.04254676 1.490119E-08 -9.313214E-10 19.1181 263.6096 4.556539 1 1 1 0.08138875 -0.7388897 0.1498207 0.6518984  
																								<TransformMatrix>: -0.1368085 0.07506116 0.9877495 0 -0.3156104 0.9418592 -0.1152876 0 -0.9389747 -0.3275163 -0.1051642 0 0.04254676 1.490119E-08 -9.313214E-10 1  
																								<Children>: 1
																									<Frame>: 48 0 PinkyFinger3_L
																										<Transform>: 0.02932949 1.490123E-08 2.630981E-08 19.65001 293.4133 9.632725 1 1 1 0.09671584 -0.5509409 0.1624901 0.812839  
																										<TransformMatrix>: 0.3401222 0.1575872 0.9270831 0 -0.370726 0.928486 -0.02181607 0 -0.8642217 -0.3362737 0.3742204 0 0.02932949 1.490123E-08 2.630981E-08 1  
																										<Children>: 1
																											<Frame>: 49 0 PinkyFinger4_L
																												<Transform>: 0.03040603 -3.686495E-11 1.320188E-11 0 0 0 1 1 1 0 0 0 1  
																												<TransformMatrix>: 1 0 0 0 0 1 0 0 0 0 1 0 0.03040603 -3.686495E-11 1.320188E-11 1  
																												<Children>: 0
																											</Frame>
																									</Frame>
																							</Frame>
																					</Frame>
																					<Frame>: 50 0 RingFinger1_L
																						<Transform>: 0.1197182 0.03054884 0.001631248 15.87603 276.9206 351.8753 1 1 1 0.1496368 -0.6478117 0.03883364 0.7459496  
																						<TransformMatrix>: 0.1576639 -0.1359371 0.9780916 0 -0.2518089 0.9522015 0.1729293 0 -0.9548478 -0.2735568 0.1158977 0 0.1197182 0.03054884 0.001631248 1  
																						<Children>: 1
																							<Frame>: 51 0 RingFinger2_L
																								<Transform>: 0.04646459 1.024459E-08 1.676382E-08 11.76836 256.3636 0.6089422 1 1 1 0.05921629 -0.7822377 0.08385096 0.6144646  
																								<TransformMatrix>: -0.2378536 0.01040445 0.9712454 0 -0.1956893 0.9789249 -0.05841013 0 -0.9513841 -0.2039554 -0.2308048 0 0.04646459 1.024459E-08 1.676382E-08 1  
																								<Children>: 1
																									<Frame>: 52 0 RingFinger3_L
																										<Transform>: 0.03441768 7.916194E-09 2.23518E-08 15.02005 289.4838 1.985714 1 1 1 0.09679121 -0.5740727 0.08946427 0.8081263  
																										<TransformMatrix>: 0.3248734 0.03346649 0.9451652 0 -0.2557272 0.9652552 0.05372107 0 -0.9105278 -0.259157 0.3221441 0 0.03441768 7.916194E-09 2.23518E-08 1  
																										<Children>: 1
																											<Frame>: 53 0 RingFinger4_L
																												<Transform>: 0.03723071 -4.97241E-11 6.573373E-12 0 0 0 1 1 1 0 0 0 1  
																												<TransformMatrix>: 1 0 0 0 0 1 0 0 0 0 1 0 0.03723071 -4.97241E-11 6.573373E-12 1  
																												<Children>: 0
																											</Frame>
																									</Frame>
																							</Frame>
																					</Frame>
																					<Frame>: 54 0 ThumbFinger1_L
																						<Transform>: 0.01682667 -0.0418406 0.005270818 285.7559 341.2082 328.1672 1 1 1 0.5368941 0.2884657 0.3104773 -0.7294766  
																						<TransformMatrix>: 0.6407827 -0.1432208 0.7542448 0 0.762723 0.230697 -0.6041793 0 -0.08747098 0.9624275 0.2570645 0 0.01682667 -0.0418406 0.005270818 1  
																						<Children>: 1
																							<Frame>: 55 0 ThumbFinger2_L
																								<Transform>: 0.05841882 -8.381862E-09 -1.4901E-08 3.633556 350.4839 0.633904 1 1 1 0.03113507 -0.08308052 0.008139712 0.9960231  
																								<TransformMatrix>: 0.9860628 0.01104125 0.1660071 0 -0.02138812 0.9979287 0.06067 0 -0.1649934 -0.063375 0.9842564 0 0.05841882 -8.381862E-09 -1.4901E-08 1  
																								<Children>: 1
																									<Frame>: 56 0 ThumbFinger3_L
																										<Transform>: 0.04290607 -2.51455E-08 1.862618E-08 10.57833 332.0343 16.23071 1 1 1 0.05458992 -0.2508207 0.1584513 0.953416  
																										<TransformMatrix>: 0.8239643 0.2747555 0.4955727 0 -0.3295246 0.9438263 0.02460806 0 -0.4609733 -0.1835795 0.8682178 0 0.04290607 -2.51455E-08 1.862618E-08 1  
																										<Children>: 1
																											<Frame>: 57 0 ThumbFinger4_L
																												<Transform>: 0.04146282 1.67509E-11 -5.395091E-11 0 0 0 1 1 1 0 0 0 1  
																												<TransformMatrix>: 1 0 0 0 0 1 0 0 0 0 1 0 0.04146282 1.67509E-11 -5.395091E-11 1  
																												<Children>: 0
																											</Frame>
																									</Frame>
																							</Frame>
																					</Frame>
																			</Frame>
																	</Frame>
															</Frame>
													</Frame>
													<Frame>: 58 0 Scapula_R
														<Transform>: -0.1038529 -0.02848294 -0.04249693 341.1156 267.358 348.6676 1 1 1 0.0423055 0.7211224 0.1853293 -0.6662176  
														<TransformMatrix>: -0.1087289 -0.1859244 0.9765298 0 0.3079541 0.9277266 0.2109208 0 -0.945168 0.3236595 -0.04361451 0 -0.1038529 -0.02848294 -0.04249693 1  
														<Children>: 1
															<Frame>: 59 0 Shoulder_R
																<Transform>: -0.160176 0.001236618 -0.0008121805 7.748716 308.0691 17.88815 1 1 1 -0.007904362 -0.4409618 0.1686813 0.881497  
																<TransformMatrix>: 0.5541985 0.3043552 0.7747464 0 -0.2904131 0.9429682 -0.1626994 0 -0.7800797 -0.1348287 0.6109804 0 -0.160176 0.001236618 -0.0008121805 1  
																<Children>: 1
																	<Frame>: 60 0 Elbow_R
																		<Transform>: -0.2847046 2.23517E-08 5.960434E-08 353.8958 346.5617 249.1807 1 1 1 0.06616428 -0.1098598 -0.8199545 0.5578778  
																		<TransformMatrix>: -0.3687892 -0.9294065 0.01407325 0 0.9003313 -0.3534063 0.2539832 0 -0.23108 0.1063368 0.9671062 0 -0.2847046 2.23517E-08 5.960434E-08 1  
																		<Children>: 1
																			<Frame>: 61 0 Wrist_R
																				<Transform>: -0.2983443 -1.862646E-08 -1.862635E-09 1.368976 12.61774 334.013 1 1 1 -0.01313565 0.1097367 -0.2247422 0.9681303  
																				<TransformMatrix>: 0.8748977 -0.4380423 -0.2065745 0 0.4322765 0.8986368 -0.07475896 0 0.2183831 -0.02389087 0.9755706 0 -0.2983443 -1.862646E-08 -1.862635E-09 1  
																				<Children>: 6
																					<Frame>: 62 0 IndexFinger1_R
																						<Transform>: -0.1230648 0.02778787 -0.001740612 0.9058227 283.4 4.551816 1 1 1 0.01841315 0.6195175 -0.03605909 -0.7839381  
																						<TransformMatrix>: 0.2297956 0.07935072 0.9699988 0 -0.03372164 0.9967214 -0.073548 0 -0.9726546 -0.01580893 0.2317181 0 -0.1230648 0.02778787 -0.001740612 1  
																						<Children>: 1
																							<Frame>: 63 0 IndexFinger2_R
																								<Transform>: -0.04185978 -6.519247E-09 -1.117582E-08 359.1655 263.7706 348.7042 1 1 1 -0.06842811 0.7413274 0.07109914 -0.6638496  
																								<TransformMatrix>: -0.1092428 -0.1958535 0.9745294 0 -0.007057004 0.980525 0.1962674 0 -0.9939901 0.01456353 -0.1084975 0 -0.04185978 -6.519247E-09 -1.117582E-08 1  
																								<Children>: 1
																									<Frame>: 64 0 IndexFinger3_R
																										<Transform>: -0.04228738 -4.656607E-09 -3.166476E-08 358.7403 273.7662 349.7423 1 1 1 -0.05310525 0.6814288 0.07273509 -0.7263224  
																										<TransformMatrix>: 0.06072867 -0.1780332 0.9821488 0 0.03328335 0.9837789 0.1762707 0 -0.9975993 0.02198451 0.06566912 0 -0.04228738 -4.656607E-09 -3.166476E-08 1  
																										<Children>: 1
																											<Frame>: 65 0 IndexFinger4_R
																												<Transform>: -0.03524467 2.131628E-16 0 0 0 0 1 1 1 0 0 0 1  
																												<TransformMatrix>: 1 0 0 0 0 1 0 0 0 0 1 0 -0.03524467 2.131628E-16 0 1  
																												<Children>: 0
																											</Frame>
																									</Frame>
																							</Frame>
																					</Frame>
																					<Frame>: 66 0 jointItemR
																						<Transform>: -0.09962177 -0.01181494 -0.04095621 357.0797 154.5855 357.402 1 1 1 -0.02771091 0.9748123 0.019866 0.2204054  
																						<TransformMatrix>: -0.9013072 -0.04526872 -0.4308087 0 -0.06278301 0.9976749 0.02651597 0 0.4286067 0.0509465 -0.9020537 0 -0.09962177 -0.01181494 -0.04095621 1  
																						<Children>: 0
																					</Frame>
																					<Frame>: 67 0 MiddleFinger1_R
																						<Transform>: -0.1205525 -4.470343E-08 -5.029098E-08 6.014944 281.5978 357.1755 1 1 1 -0.05620098 0.6299796 -0.01407857 -0.7744476  
																						<TransformMatrix>: 0.2058551 -0.04900472 0.9773547 0 -0.09261717 0.9932865 0.06931102 0 -0.9741898 -0.1047878 0.1999344 0 -0.1205525 -4.470343E-08 -5.029098E-08 1  
																						<Children>: 1
																							<Frame>: 68 0 MiddleFinger2_R
																								<Transform>: -0.0473394 -1.676379E-08 -4.65659E-09 6.276708 259.7932 353.8936 1 1 1 -0.07586789 0.7630951 -0.007830467 -0.6417701  
																								<TransformMatrix>: -0.1647508 -0.1057381 0.9806513 0 -0.1258395 0.9883655 0.0854287 0 -0.978275 -0.1093303 -0.1761401 0 -0.0473394 -1.676379E-08 -4.65659E-09 1  
																								<Children>: 1
																									<Frame>: 69 0 MiddleFinger3_R
																										<Transform>: -0.0392444 3.725279E-09 4.842837E-08 7.034655 257.8661 356.8051 1 1 1 -0.06018251 0.775039 -0.03021946 -0.6283147  
																										<TransformMatrix>: -0.2031974 -0.05531293 0.9775742 0 -0.1312622 0.9909297 0.02878459 0 -0.9702994 -0.1224696 -0.2086148 0 -0.0392444 3.725279E-09 4.842837E-08 1  
																										<Children>: 1
																											<Frame>: 70 0 MiddleFinger4_R
																												<Transform>: -0.03977152 -5.32907E-17 -2.842171E-16 0 0 0 1 1 1 0 0 0 1  
																												<TransformMatrix>: 1 0 0 0 0 1 0 0 0 0 1 0 -0.03977152 -5.32907E-17 -2.842171E-16 1  
																												<Children>: 0
																											</Frame>
																									</Frame>
																							</Frame>
																					</Frame>
																					<Frame>: 71 0 PinkyFinger1_R
																						<Transform>: -0.1151768 -0.05928548 -0.009676387 22.46322 266.5238 351.2196 1 1 1 -0.1877717 0.7019678 -0.08996852 -0.6810938  
																						<TransformMatrix>: -0.001706123 -0.1410653 0.9899989 0 -0.3861733 0.9132949 0.1294702 0 -0.9224247 -0.3820903 -0.05603385 0 -0.1151768 -0.05928548 -0.009676387 1  
																						<Children>: 1
																							<Frame>: 72 0 PinkyFinger2_R
																								<Transform>: -0.04254668 4.65662E-09 5.029109E-08 19.11807 263.6097 4.556543 1 1 1 -0.08138869 0.738889 -0.1498204 -0.6518994  
																								<TransformMatrix>: -0.1368064 0.07506128 0.98775 0 -0.3156101 0.9418594 -0.1152869 0 -0.9389753 -0.3275158 -0.1051623 0 -0.04254668 4.65662E-09 5.029109E-08 1  
																								<Children>: 1
																									<Frame>: 73 0 PinkyFinger3_R
																										<Transform>: -0.02932948 -2.09548E-08 -3.72526E-08 19.64993 293.4136 9.63273 1 1 1 -0.09671573 0.5509385 -0.1624895 -0.8128407  
																										<TransformMatrix>: 0.3401278 0.1575873 0.9270812 0 -0.370725 0.9284865 -0.02181451 0 -0.86422 -0.3362724 0.3742256 0 -0.02932948 -2.09548E-08 -3.72526E-08 1  
																										<Children>: 1
																											<Frame>: 74 0 PinkyFinger4_R
																												<Transform>: -0.03040603 4.263256E-16 -2.273737E-15 0 0 0 1 1 1 0 0 0 1  
																												<TransformMatrix>: 1 0 0 0 0 1 0 0 0 0 1 0 -0.03040603 4.263256E-16 -2.273737E-15 1  
																												<Children>: 0
																											</Frame>
																									</Frame>
																							</Frame>
																					</Frame>
																					<Frame>: 75 0 RingFinger1_R
																						<Transform>: -0.1197182 -0.03054886 -0.001631145 15.87602 276.9206 351.8753 1 1 1 -0.1496368 0.6478119 -0.03883355 -0.7459494  
																						<TransformMatrix>: 0.1576632 -0.1359373 0.9780918 0 -0.2518087 0.9522015 0.1729293 0 -0.9548481 -0.2735566 0.115897 0 -0.1197182 -0.03054886 -0.001631145 1  
																						<Children>: 1
																							<Frame>: 76 0 RingFinger2_R
																								<Transform>: -0.04646464 -6.519266E-09 2.79395E-09 11.76848 256.3638 0.6090595 1 1 1 -0.05921637 0.7822362 -0.08385231 -0.6144662  
																								<TransformMatrix>: -0.2378494 0.01040645 0.9712462 0 -0.1956912 0.9789244 -0.05841172 0 -0.9513845 -0.2039576 -0.2308002 0 -0.04646464 -6.519266E-09 2.79395E-09 1  
																								<Children>: 1
																									<Frame>: 77 0 RingFinger3_R
																										<Transform>: -0.03441774 -1.024455E-08 0 15.02012 289.4837 1.985849 1 1 1 -0.09679098 0.574073 -0.08946557 -0.8081261  
																										<TransformMatrix>: 0.3248723 0.03346875 0.9451656 0 -0.2557291 0.9652548 0.05371911 0 -0.9105278 -0.2591582 0.3221435 0 -0.03441774 -1.024455E-08 0 1  
																										<Children>: 1
																											<Frame>: 78 0 RingFinger4_R
																												<Transform>: -0.03723071 2.842171E-16 -5.684342E-16 0 0 0 1 1 1 0 0 0 1  
																												<TransformMatrix>: 1 0 0 0 0 1 0 0 0 0 1 0 -0.03723071 2.842171E-16 -5.684342E-16 1  
																												<Children>: 0
																											</Frame>
																									</Frame>
																							</Frame>
																					</Frame>
																					<Frame>: 79 0 ThumbFinger1_R
																						<Transform>: -0.01682666 0.04184061 -0.005271001 285.7559 341.2078 328.1675 1 1 1 0.5368935 0.2884665 0.3104772 -0.7294768  
																						<TransformMatrix>: 0.640782 -0.1432202 0.7542457 0 0.7627234 0.2306985 -0.6041782 0 -0.08747286 0.9624273 0.2570648 0 -0.01682666 0.04184061 -0.005271001 1  
																						<Children>: 1
																							<Frame>: 80 0 ThumbFinger2_R
																								<Transform>: -0.05841873 -2.793965E-08 -3.911536E-08 3.633517 350.484 0.6338196 1 1 1 -0.03113482 0.08307872 -0.008138896 -0.9960233  
																								<TransformMatrix>: 0.9860634 0.01103978 0.1660035 0 -0.02138634 0.9979287 0.06066967 0 -0.1649899 -0.06337434 0.9842571 0 -0.05841873 -2.793965E-08 -3.911536E-08 1  
																								<Children>: 1
																									<Frame>: 81 0 ThumbFinger3_R
																										<Transform>: -0.042906 -5.029094E-08 -2.793955E-08 10.57846 332.0338 16.23093 1 1 1 -0.05458983 0.2508253 -0.1584537 -0.9534144  
																										<TransformMatrix>: 0.8239582 0.2747591 0.4955809 0 -0.3295291 0.9438248 0.02460508 0 -0.460981 -0.1835819 0.8682132 0 -0.042906 -5.029094E-08 -2.793955E-08 1  
																										<Children>: 1
																											<Frame>: 82 0 ThumbFinger4_R
																												<Transform>: -0.04146282 5.684342E-16 3.197442E-16 0 0 0 1 1 1 0 0 0 1  
																												<TransformMatrix>: 1 0 0 0 0 1 0 0 0 0 1 0 -0.04146282 5.684342E-16 3.197442E-16 1  
																												<Children>: 0
																											</Frame>
																									</Frame>
																							</Frame>
																					</Frame>
																			</Frame>
																	</Frame>
															</Frame>
													</Frame>
											</Frame>
									</Frame>
							</Frame>
					</Frame>
			</Frame>
			<Frame>: 83 0 Mesh
				<Transform>: 0 0 -0.09000076 0 0 0 1 1 1 0 0 0 1  
				<TransformMatrix>: 1 0 0 0 0 1 0 0 0 0 1 0 0 0 -0.09000076 1  
				<Children>: 3
					<Frame>: 84 0 Accessories
						<Transform>: 0 0 0 0 0 0 1 1 1 0 0 0 1  
						<TransformMatrix>: 1 0 0 0 0 1 0 0 0 0 1 0 0 0 0 1  
						<Children>: 1
							<Frame>: 85 0 Underwear
								<Transform>: 0 0 0.09000076 0 0 0 1 1 1 0 0 0 1  
								<TransformMatrix>: 1 0 0 0 0 1 0 0 0 0 1 0 0 0 0.09000076 1  
								<SkinningInfo>: Underwear
									<BonesPerVertex>: 4
									<Bounds>: 0.1175443 -0.01626941 7.450581E-09 0.1346438 0.1644163 0.2286405
									<BoneNames>: 3 Root_M Hip_L Hip_R  
									<BoneOffsets>: 3 6.122298E-17 6.016076E-17 -1 0 -0.9998469 0.0175004 -6.016075E-17 0 0.0175004 0.9998469 6.122297E-17 0 1.058717 -0.005506771 6.448647E-17 1 -0.03110633 0.0725043 0.996883 0 -0.9994989 0.003499238 -0.0314425 0 -0.005768046 -0.997362 0.07235916 0 0.9804418 -0.003360379 0.1402094 1 -0.03110634 0.0725043 0.996883 0 0.999499 -0.003499239 0.0314425 0 0.005768046 0.9973621 -0.07235916 0 -0.9804419 0.003360379 -0.1402094 1  
									<BoneIndices>: 554 0 1 0 0 0 1 0 0 0 1 0 0 0 1 0 0 0 1 0 0 0 1 0 0 0 1 0 0 0 1 0 0 0 1 0 0 0 1 0 0 0 1 0 0 0 1 0 0 0 1 0 0 0 1 0 0 0 1 0 0 0 0 0 0 0 0 0 0 0 1 0 0 0 0 0 0 0 0 0 0 0 1 0 0 0 1 0 0 0 1 2 0 0 1 2 0 0 1 0 0 0 1 0 0 0 1 0 0 0 1 0 0 0 1 0 0 0 1 0 0 0 1 0 0 0 1 0 0 0 1 0 0 0 1 0 0 0 1 0 0 0 1 0 0 0 1 0 0 0 1 0 0 0 1 0 0 0 1 0 0 0 1 0 0 0 1 0 0 0 1 0 0 0 1 0 0 0 0 0 0 0 1 0 0 0 1 0 0 0 1 0 0 0 0 0 0 0 0 0 0 0 1 0 0 0 0 0 0 0 1 0 0 0 1 0 0 0 0 0 0 0 0 0 0 0 1 0 0 0 1 0 0 0 0 0 0 0 0 0 0 0 1 2 0 0 1 0 0 0 1 0 0 0 1 2 0 0 2 0 0 0 2 0 0 0 1 0 0 0 1 0 0 0 1 0 0 0 1 0 0 0 1 0 0 0 1 0 0 0 1 0 0 0 1 0 0 0 1 0 0 0 1 0 0 0 1 0 0 0 1 0 0 0 1 2 0 0 1 2 0 0 1 2 0 0 1 0 0 0 1 0 0 0 1 2 0 1 0 0 0 0 1 0 0 1 0 0 0 1 0 0 0 0 1 0 0 0 1 0 0 1 0 0 0 1 0 0 0 0 1 0 0 0 1 0 0 0 1 0 0 1 0 0 0 1 0 0 0 0 1 0 0 1 0 0 0 1 0 0 0 0 1 0 0 0 1 0 0 1 0 0 0 1 0 0 0 0 1 0 0 0 1 0 0 1 0 0 0 1 0 0 0 0 1 0 0 0 1 0 0 1 0 0 0 1 0 0 0 0 1 2 0 0 1 0 0 0 1 2 0 0 2 1 0 0 1 2 0 0 1 0 0 0 1 2 0 0 1 0 0 0 1 0 0 0 2 1 0 0 1 2 0 1 0 0 0 1 0 0 0 0 1 0 0 1 0 0 0 1 0 0 0 0 1 2 0 0 1 0 0 1 0 0 0 1 0 0 0 0 1 2 0 0 1 2 0 0 1 2 0 0 1 2 0 0 2 1 0 0 1 2 0 0 1 2 0 0 2 1 0 0 1 0 0 0 1 0 0 1 0 0 0 1 0 0 0 1 0 0 0 1 0 0 0 1 0 0 0 1 0 0 0 1 0 0 0 1 0 0 0 1 0 0 0 1 0 0 0 1 0 0 0 1 0 0 0 1 0 0 0 1 0 0 0 1 0 0 0 1 0 0 0 1 0 0 0 1 0 0 0 1 0 0 0 1 0 0 0 1 0 0 0 1 0 0 0 1 0 0 0 1 0 0 0 1 0 0 0 1 0 0 0 1 0 0 0 1 0 0 0 1 0 0 0 1 0 0 0 1 0 0 0 1 0 0 0 1 0 0 0 1 0 0 0 1 0 0 0 1 0 0 0 1 0 0 0 1 0 0 0 1 0 0 0 1 0 0 0 0 2 0 0 0 2 0 0 0 2 0 0 0 2 0 0 0 2 0 0 0 2 0 0 0 2 0 0 0 2 0 0 0 2 0 0 0 2 0 0 0 2 0 0 0 2 0 0 0 2 0 0 0 0 0 0 0 2 0 0 0 2 0 0 0 0 0 0 0 0 0 0 0 0 0 0 0 2 0 0 0 2 0 0 0 1 2 0 0 1 2 0 0 2 0 0 0 2 0 0 0 2 0 0 0 2 0 0 0 2 0 0 0 2 0 0 0 2 0 0 0 2 0 0 0 2 0 0 0 2 0 0 0 2 0 0 0 2 0 0 0 2 0 0 0 2 0 0 0 2 0 0 0 2 0 0 0 2 0 0 0 2 0 0 0 2 0 0 0 2 0 0 0 2 0 0 0 0 0 0 0 2 0 0 0 2 0 0 0 2 0 0 0 0 0 0 0 0 0 0 0 2 0 0 0 0 0 0 0 2 0 0 0 0 0 0 0 0 0 0 0 2 0 0 0 2 0 0 0 0 0 0 0 0 0 0 0 2 0 0 0 2 0 0 0 2 0 0 0 2 0 0 0 2 0 0 0 2 0 0 0 2 0 0 0 2 0 0 0 2 0 0 0 2 0 0 0 2 0 0 0 2 0 0 0 2 0 0 0 1 2 0 0 2 0 0 0 2 1 0 0 1 2 0 0 2 0 0 0 2 0 0 2 0 0 0 0 2 1 0 2 0 0 0 0 2 0 0 0 2 0 0 2 0 0 0 2 0 0 0 0 2 0 0 0 2 0 0 2 0 0 0 0 2 0 0 0 2 0 0 2 0 0 0 2 0 0 0 2 0 0 0 0 2 0 0 0 2 0 0 2 0 0 0 2 0 0 0 0 2 0 0 0 2 0 0 2 0 0 0 2 0 0 0 0 2 0 0 0 2 0 0 2 0 0 0 2 0 0 0 0 2 0 0 0 2 1 0 2 0 0 0 0 2 1 0 0 2 0 0 0 1 2 0 0 2 1 0 0 2 1 0 0 2 1 0 0 1 0 0 0 2 0 0 0 2 1 0 0 2 0 0 2 0 0 0 2 0 0 0 2 0 0 0 0 2 0 0 0 2 1 0 2 0 0 0 2 0 0 0 0 2 1 0 0 2 1 0 2 0 0 0 0 2 1 0 0 2 1 0 0 2 1 0 0 1 2 0 0 2 1 0 0 2 0 0 0 1 0 0 0 2 1 0 2 0 0 0 2 0 0 0 2 0 0 0 2 0 0 0 2 0 0 0 2 0 0 0 2 0 0 0 2 0 0 0 2 0 0 0 2 0 0 0 2 0 0 0 2 0 0 0 2 0 0 0 2 0 0 0 2 0 0 0 2 0 0 0 2 0 0 0 2 0 0 0 2 0 0 0 2 0 0 0 2 0 0 0 2 0 0 0 2 0 0 0 2 0 0 0 2 0 0 0 2 0 0 0 2 0 0 0 2 0 0 0 2 0 0 0 2 0 0 0 2 0 0 0 2 0 0 0 2 0 0 0 2 0 0 0 2 0 0 0 2 0 0 0 2 0 0 0 2 0 0 0 2 0 0 0 2 0 0 0 0 2 0 0 0 2 0 0 0 2 0 0 0 2 0 0 0 2 0 0 0 2 0 0 0 2 0 0 0 2 0 0 0 2 0 0 0 2 0 0 0 2 0 0 0 2 0 0 0 0 0 0 0 2 0 0 0 2 0 0 0 1 2 0 0 2 0 0 0 2 0 0 0 2 0 0 0 2 0 0 0 2 0 0 0 2 0 0 0 2 0 0 0 2 0 0 0 2 0 0 0 0 0 0 0 1 2 0 0 2 0 0 0 1 0 0 0 1 0 0 0 1 0 0 0 1 0 0 0 1 0 0 0 1 0 0 0 1 0 0 0 1 0 0 0 1 0 0 0 1 0 0 0 1 0 0 0 1 0 0 0 0 0 0 0 1 2 0 0 1 0 0 0 1 0 0 0 1 0 0 0 1 0 0 0 1 0 0 0 1 0 0 0 1 0 0 0 1 0 0 0 1 0 0 0 1 0 0 0 1 0 0 0 1 0 0 0 1 2 0 0 0 0 0 1 0 0 0 1 0 0 0 1 0 0 0 1 0 0 0 1 0 0 0 1 0 0 0 1 0 0 0 1 0 0 0 2 0 0 0 2 0 0 0 2 0 0 0 2 0 0 0 2 0 0 0 2 0 0 0 2 0 0 0 2 0 0 0 2 0 0 0 2 0 0 0 2 0 0 0 2 0 0 0 0 0 0 0 0 0 0 0 0 2 0 0 0 0 0 0 2 0 0 0 2 0 0 0 2 0 0 0 2 0 0 0 1 0 0 0 1 0 0 0 1 0 0 0 1 0 0 0 1 0 0 0 1 0 0 0 1 0 0 0 1 0 0 0 2 0 0 0 2 0 0 0 2 0 0 0 2 0 0 0 0 0 0 0 0 1 0 0 0 1 0 0 0 0 0 0 0 0 0 0 0 2 0 0 0 2 0 0 0 0 0 0 2 0 0 0 2 0 0 0 2 0 0 0 2 0 0 0 2 0 0 0 2 0 0 0 2 0 0 0 2 0 0 0 1 0 0 0 1 0 0 0 1 0 0 0 1 0 0 0 2 0 0 0 2 0 0 0 2 0 0 0 2 0 0 0 1 0 0 0 1 0 0 0 1 0 0 0 1 0 0 0 0 0 0 0 0 0 0 0 0 0 0 0 0 0 0 0 0 0 0 0 0 0 0 0 0 0 0 0 0 0 0 0 0 0 0 0 0 0 0 0 0 0 0 0 0 0 0 0 0 0 0 0 0 0 0 0 1 0 0 0 1 0 0 0 1 0 0 0 1 0 0 0 0 0 0 0 0 1 0 0 0 1 0 0 0 0 0 0 0 0 0 0 0 1 0 0 0 0 0 0 0 0 0 0 0 0 0 0 0 0 0 0 0 0 0 0 0 0 0 0 0 0 0 0 0 0 0 0 1 0 0 0 1 0 0 0 1 0 0 0 1 0 0 0 0 0 0 0 0 1 0 0 0 1 0 0 0 0 0 0 1 0 0 0 1 0 0 0 1 0 0 0 1 0 0 0 0 0 0 0 0 2 0 0 0 2 0 0 0 0 0 0 0 0 0 0 0 0 0 0 0 1 0 0 0 0 0 0 2 0 0 0 2 0 0 0 2 0 0 0 2 0 0 0 0 0 0 0 0 2 0 0 0 2 0 0 0 0 0 0 2 0 0 0 2 0 0 0 2 0 0 0 2 0 0 0 0 0 0 0 0 2 0 0 0 0 0 0 0 0 0 0 1 0 0 0 1 0 0 0 1 0 0 0 1 0 0 0  
