<Mesh>: 130 SM_Bld_Stone_Wall_Large_01
	<Bounds>: 0 3.940104 0 2.5 3.940104 1.958951
	<Positions>: 130 -2.5 6.233485 -0.6772413 -2.309522 5.901017 -0.7299032 -2.5 5.901017 -0.535508 0 7.880209 0.2218183 -0.1392895 7.784901 0.4000084 0 7.599448 0.5310522 0 7.880209 0.2218183 0 7.599448 0.5310522 0.1607975 7.784901 0.4000084 2.5 3.774176 1.128814 2.202785 3.191768 1.221167 2.5 3.191768 0.6287014 -2.140048 1.9849 1.336653 -2.5 2.752493 1.276636 -2.5 1.9849 0.3875377 2.5 3.191768 0.6287014 2.202785 3.191768 1.221167 2.5 2.559546 1.295613 -2.5 1.501079 1.367841 -2.140048 1.9849 1.336653 -2.5 1.9849 0.3875377 2.5 6.147636 0.6901724 2.041506 5.905914 0.7312592 2.5 5.905914 0.5213786 2.5 5.905914 0.5213786 2.041506 5.905914 0.7312592 2.5 5.693545 0.7647282 -2.5 5.901017 -0.535508 -2.309522 5.901017 -0.7299032 -2.5 5.455144 -0.8074427 0 7.599448 0.5310522 -2.5 7.599448 0.5310522 -2.5 5.319613 0.8326004 -0.1773733 5.343408 0.8309032 -2.5 2.752493 1.276636 0 3.191768 1.222075 -2.140048 1.9849 1.336653 -2.5 1.501079 1.367841 0 1.595884 1.471655 2.5 2.559546 1.295613 2.202785 3.191768 1.221167 2.5 3.774176 1.128814 2.041506 5.905914 0.7312592 2.5 5.693545 0.7647282 2.5 7.599448 0.5310522 2.5 6.147636 0.6901724 0 7.880209 -0.2797631 -2.5 7.880209 -0.2797631 -2.5 7.880209 0.2218183 0 7.880209 0.2218183 2.5 7.880209 0.2218183 2.5 7.880209 -0.2797631 -2.5 7.784901 0.3995851 -2.5 7.880209 0.2218183 -2.5 7.880209 -0.2797631 -2.5 7.784901 -0.4575299 -2.5 7.599448 0.5310522 -2.5 7.599448 -0.5310519 -2.5 6.233485 -0.6772413 -2.5 5.901017 -0.535508 -2.5 5.319613 0.8326004 -2.5 5.455144 -0.8074427 -2.5 3.191768 -1.222075 -2.5 2.752493 1.276636 -2.5 1.9849 0.3875377 -2.5 1.501079 1.367841 -2.5 0 -1.958951 -2.5 0 1.958951 -2.5 7.784901 -0.4575299 -2.5 7.880209 -0.2797631 0 7.880209 -0.2797631 0 7.784901 -0.4575299 2.5 7.784901 -0.4575299 2.5 7.880209 -0.2797631 2.5 7.784901 -0.4575299 2.5 7.880209 -0.2797631 2.5 7.880209 0.2218183 2.5 7.784901 0.3995851 2.5 7.599448 -0.5310519 2.5 7.599448 0.5310522 2.5 6.147636 0.6901724 2.5 5.905914 0.5213786 2.5 5.319613 -0.8326002 2.5 5.693545 0.7647282 2.5 3.774176 1.128814 2.5 3.191768 -1.222075 2.5 3.191768 0.6287014 2.5 0 -1.958951 2.5 2.559546 1.295613 2.5 0 1.958951 -2.5 7.599448 -0.5310519 -2.5 7.784901 -0.4575299 0 7.784901 -0.4575299 0 7.599448 -0.5310519 2.5 7.599448 -0.5310519 2.5 7.784901 -0.4575299 2.5 3.191768 -1.222075 2.5 0 -1.958951 0 0 -1.958951 0 3.191768 -1.222075 2.5 5.319613 -0.8326002 -2.5 3.191768 -1.222075 -2.5 0 -1.958951 -2.5 5.455144 -0.8074427 -2.309522 5.901017 -0.7299032 0 5.319613 -0.8326002 2.5 7.599448 -0.5310519 0 7.599448 -0.5310519 -2.5 7.599448 -0.5310519 -2.5 6.233485 -0.6772413 -2.5 1.501079 1.367841 -2.5 0 1.958951 0 0 1.958951 0 1.595884 1.471655 2.5 0 1.958951 2.5 2.559546 1.295613 2.5 7.784901 0.3995851 2.5 7.880209 0.2218183 0 7.880209 0.2218183 0.1607975 7.784901 0.4000084 -2.5 7.880209 0.2218183 -2.5 7.784901 0.3995851 -0.1392895 7.784901 0.4000084 2.5 7.599448 0.5310522 2.5 7.784901 0.3995851 0.1607975 7.784901 0.4000084 0 7.599448 0.5310522 -0.1392895 7.784901 0.4000084 -2.5 7.599448 0.5310522 -2.5 7.784901 0.3995851  
	<Colors>: 0  
	<TextureCoords0>: 130 0.3526998 0.8139688 0.3526998 0.8139688 0.3526998 0.8139688 0.3526998 0.8139688 0.3526998 0.8139688 0.3526998 0.8139688 0.3526998 0.8139688 0.3526998 0.8139688 0.3526998 0.8139688 0.3526998 0.8139688 0.3526998 0.8139688 0.3526998 0.8139688 0.3526998 0.8139688 0.3526998 0.8139688 0.3526998 0.8139688 0.3526998 0.8139688 0.3526998 0.8139688 0.3526998 0.8139688 0.3526998 0.8139688 0.3526998 0.8139688 0.3526998 0.8139688 0.3526998 0.8139688 0.3526998 0.8139688 0.3526998 0.8139688 0.3526998 0.8139688 0.3526998 0.8139688 0.3526998 0.8139688 0.3526998 0.8139688 0.3526998 0.8139688 0.3526997 0.8139688 0.3526998 0.8139688 0.3526998 0.8139688 0.3526998 0.8139688 0.3526998 0.8139688 0.3526998 0.8139688 0.3526998 0.8139688 0.3526998 0.8139688 0.3526998 0.8139688 0.3526998 0.8139688 0.3526998 0.8139688 0.3526998 0.8139688 0.3526998 0.8139688 0.3526998 0.8139688 0.3526998 0.8139688 0.3526998 0.8139688 0.3526998 0.8139688 0.3526998 0.8139688 0.3526998 0.8139688 0.3526998 0.8139688 0.3526998 0.8139688 0.3526998 0.8139688 0.3526998 0.8139688 0.3526998 0.8139688 0.3526998 0.8139688 0.3526998 0.8139688 0.3526998 0.8139688 0.3526998 0.8139688 0.3526998 0.8139688 0.3526998 0.8139688 0.3526998 0.8139688 0.3526998 0.8139688 0.3526997 0.8139688 0.3526998 0.8139688 0.3526998 0.8139688 0.3526998 0.8139688 0.3526998 0.8139688 0.3526998 0.8139688 0.3526998 0.8139688 0.3526998 0.8139688 0.3526998 0.8139688 0.3526998 0.8139688 0.3526998 0.8139688 0.3526998 0.8139688 0.3526998 0.8139688 0.3526998 0.8139688 0.3526998 0.8139688 0.3526998 0.8139688 0.3526998 0.8139688 0.3526998 0.8139688 0.3526998 0.8139688 0.3526998 0.8139688 0.3526998 0.8139688 0.3526998 0.8139688 0.3526998 0.8139688 0.3526998 0.8139688 0.3526998 0.8139688 0.3526998 0.8139688 0.3526998 0.8139688 0.3526998 0.8139688 0.3526998 0.8139688 0.3526998 0.8139688 0.3526998 0.8139688 0.3526998 0.8139688 0.3526998 0.8139688 0.3526998 0.8139688 0.3526998 0.8139688 0.3526999 0.8139688 0.3526998 0.8139688 0.3526998 0.8139688 0.3526998 0.8139688 0.3526998 0.8139688 0.3526998 0.8139688 0.3526998 0.8139688 0.3526998 0.8139688 0.3526998 0.8139688 0.3526998 0.8139688 0.3526998 0.8139688 0.3526998 0.8139688 0.3526998 0.8139688 0.3526998 0.8139688 0.3526998 0.8139688 0.3526998 0.8139688 0.3526998 0.8139688 0.3526998 0.8139688 0.3526998 0.8139688 0.3526998 0.8139688 0.3526998 0.8139688 0.3526998 0.8139688 0.3526998 0.8139688 0.3526998 0.8139688 0.3526998 0.8139688 0.3526998 0.8139688 0.3526998 0.8139688 0.3526998 0.8139688 0.3526998 0.8139688 0.3526998 0.8139688 0.3526998 0.8139688 0.3526998 0.8139688 0.3526998 0.8139688 0.3526998 0.8139688  
	<TextureCoords1>: 0  
	<Normals>: 130 -0.6844522 -0.2859062 -0.6706585 -0.6844522 -0.2859062 -0.6706585 -0.6844522 -0.2859062 -0.6706585 0.3331514 0.6980747 0.6337996 0.3331514 0.6980747 0.6337996 0.3331514 0.6980747 0.6337996 -0.2926725 0.7079508 0.6427664 -0.2926725 0.7079508 0.6427664 -0.2926725 0.7079508 0.6427664 0.8341371 -0.3593237 0.4184515 0.8341371 -0.3593237 0.4184515 0.8341371 -0.3593237 0.4184515 -0.8649012 -0.3799374 0.3280143 -0.8649012 -0.3799374 0.3280143 -0.8649012 -0.3799374 0.3280143 0.8080043 0.4275827 0.4053417 0.8080043 0.4275827 0.4053417 0.8080043 0.4275827 0.4053417 -0.7593411 0.5834966 0.2879805 -0.7593411 0.5834966 0.2879805 -0.7593411 0.5834966 0.2879805 0.3513793 -0.5360175 0.7676053 0.3513793 -0.5360175 0.7676053 0.3513793 -0.5360175 0.7676053 0.2882143 0.7214661 0.6296183 0.2882143 0.7214661 0.6296183 0.2882143 0.7214661 0.6296183 -0.6569248 0.3925791 -0.6436858 -0.6569248 0.3925791 -0.6436858 -0.6569248 0.3925791 -0.6436858 0.00368098 0.1265767 0.99195 -0.0002996815 0.1314485 0.9913229 -0.0006629921 0.1509734 0.9885375 0.0002247192 0.1570847 0.9875851 -0.003066065 0.1611391 0.9869269 -0.009606446 0.1527873 0.9882124 -0.02104272 0.1459232 0.9890722 -0.03697355 0.1399803 0.9894637 -0.01472148 0.1424726 0.9896892 0.007537976 0.1448935 0.9894186 0.001831344 0.1596241 0.9871762 -0.001781368 0.1788581 0.9838733 0.01082549 0.135209 0.9907579 0.0003130641 0.1833976 0.9830388 0.01581441 0.1131628 0.9934505 0.03162459 0.1088943 0.9935502 0 1 0 0 1 0 0 1 0 0 1 0 0 1 0 0 1 0 -1 0 0 -1 0 0 -1 0 0 -1 0 0 -1 0 0 -1 0 0 -1 0 0 -1 0 0 -1 0 0 -1 0 0 -1 0 0 -1 0 0 -1 0 0 -1 0 0 -1 0 0 -1 0 0 0 0.8813229 -0.4725146 0 0.8813229 -0.4725146 0 0.8813229 -0.4725146 0 0.8813229 -0.4725146 0 0.8813229 -0.4725146 0 0.8813229 -0.4725146 1 0 0 1 0 0 1 0 0 1 0 0 1 0 0 1 0 0 1 0 0 1 0 0 1 0 0 1 0 0 1 0 0 1 0 0 1 0 0 1 0 0 1 0 0 1 0 0 0 0.3685407 -0.9296116 0 0.3685407 -0.9296116 0 0.3685407 -0.9296116 0 0.3685407 -0.9296116 0 0.3685407 -0.9296116 0 0.3685407 -0.9296116 0 0.2025516 -0.9792716 0 0.2249506 -0.9743702 0 0.2249506 -0.9743702 -0.0007311392 0.1940482 -0.9809917 0 0.1556336 -0.9878149 0 0.2026249 -0.9792564 0 0.2249506 -0.9743702 -0.002985429 0.1770012 -0.9842061 -0.003866023 0.1503724 -0.9886219 -0.002372567 0.1556335 -0.9878121 0 0.1311256 -0.9913658 -0.003690916 0.1261809 -0.9920003 -0.04444885 0.1112513 -0.9927978 -0.08880875 0.1059948 -0.9903929 -0.02583479 0.3287379 0.9440677 -0.02583479 0.3287379 0.9440677 -0.02167794 0.2979369 0.9543394 -0.02167794 0.2979369 0.9543394 -0.01749786 0.2668166 0.9635885 -0.01749786 0.2668166 0.9635885 4.128994E-05 0.8815647 0.4720633 4.128994E-05 0.8815647 0.4720633 0 0.8815641 0.4720643 4.128994E-05 0.8815647 0.4720633 -4.110551E-05 0.8815635 0.4720653 -4.110551E-05 0.8815635 0.4720653 -4.110551E-05 0.8815635 0.4720653 7.139825E-05 0.5776828 0.8162613 7.139825E-05 0.5776828 0.8162613 7.139825E-05 0.5776828 0.8162613 0 0.5776842 0.8162603 -7.107709E-05 0.5776856 0.8162593 -7.107709E-05 0.5776856 0.8162593 -7.107709E-05 0.5776856 0.8162593  
	<Tangents>: 130 -0.2042135 0.9582576 -0.200098 -0.2042135 0.9582576 -0.200098 -0.2042135 0.9582576 -0.200098 0.9428734 -0.2466552 -0.2239444 0.9428734 -0.2466552 -0.2239444 0.9428734 -0.2466552 -0.2239444 0.9562128 0.2166858 0.1967345 0.9562128 0.2166858 0.1967345 0.9562128 0.2166858 0.1967345 0.3211756 0.933213 0.1611203 0.3211756 0.933213 0.1611203 0.3211756 0.933213 0.1611203 0.3003156 0.1319239 0.9446728 0.3003156 0.1319239 0.9446728 0.3003156 0.1319239 0.9446728 -0.3582699 -0.1895906 0.9141653 -0.3582699 -0.1895906 0.9141653 -0.3582699 -0.1895906 0.9141653 0.2283491 -0.1754692 0.9576362 0.2283491 -0.1754692 0.9576362 0.2283491 -0.1754692 0.9576362 0.9362332 0.2011737 -0.2880913 0.9362332 0.2011737 -0.2880913 0.9362332 0.2011737 -0.2880913 0.9575659 -0.2171515 -0.1895065 0.9575659 -0.2171515 -0.1895065 0.9575659 -0.2171515 -0.1895065 0.2804065 0.9197182 0.2747554 0.2804065 0.9197182 0.2747554 0.2804065 0.9197182 0.2747554 0.9999932 -0.0004659294 -0.003651373 1 3.939268E-05 0.0002970811 0.9999998 0.0001000942 0.0006553927 1 -3.529995E-05 -0.0002219294 0.9999953 0.0004940653 0.003025996 0.9999539 0.001467811 0.009493647 0.9997786 0.003071301 0.02081738 0.9993163 0.005179111 0.03660902 0.9998916 0.002097635 0.01457126 0.9999716 -0.001092235 -0.007458425 0.9999983 -0.000292327 -0.001807862 0.9999984 0.0003186126 0.001752643 0.9999414 -0.00146379 -0.01072607 0.9999999 -5.74152E-05 -0.0003077542 0.9998749 -0.001789827 -0.0157128 0.9994999 -0.00344546 -0.03143634 1 0 0 1 0 0 1 0 0 1 0 0 1 0 0 1 0 0 0 1 0 0 1 0 0 1 0 0 1 0 0 1 0 0 1 0 0 1 0 0 1 0 0 1 0 0 1 0 0 1 0 0 1 0 0 1 0 0 1 0 0 1 0 0 1 0 1 0 0 1 0 0 1 0 0 1 0 0 1 0 0 1 0 0 0 1 0 0 1 0 0 1 0 0 1 0 0 1 0 0 1 0 0 1 0 0 1 0 0 1 0 0 1 0 0 1 0 0 1 0 0 1 0 0 1 0 0 1 0 0 1 0 1 0 0 1 0 0 1 0 0 1 0 0 1 0 0 1 0 0 1 0 0 1 0 0 1 0 0 0.9999998 0.0001418763 -0.0007172417 1 0 0 1 0 0 1 0 0 0.9999955 0.0005284271 -0.002938291 0.9999925 0.0005813474 -0.003822064 0.9999972 0.000369252 -0.002343657 1 0 0 0.9999932 0.0004657264 -0.003661415 0.9990117 0.004949884 -0.04417238 0.9960486 0.009450606 -0.08830447 0.9996662 0.008495712 0.02439793 0.9996662 0.008495712 0.02439793 0.999765 0.006460177 0.02069297 0.999765 0.006460177 0.02069297 0.9998469 0.004669436 0.01686332 0.9998469 0.004669436 0.01686332 1 -3.639975E-05 -1.949147E-05 1 -3.639975E-05 -1.949147E-05 1 0 0 1 -3.639975E-05 -1.949147E-05 1 3.623712E-05 1.940449E-05 1 3.623712E-05 1.940449E-05 1 3.623712E-05 1.940449E-05 1 -4.124554E-05 -5.827963E-05 1 -4.124554E-05 -5.827963E-05 1 -4.124554E-05 -5.827963E-05 1 0 0 1 4.106021E-05 5.801734E-05 1 4.106021E-05 5.801734E-05 1 4.106021E-05 5.801734E-05  
	<BiTangents>: 130 -0.6998729 -6.603091E-09 0.7142674 -0.6998729 -6.603091E-09 0.7142674 -0.6998729 -6.603091E-09 0.7142674 -9.718572E-10 -0.6722001 0.7403695 -9.718572E-10 -0.6722001 0.7403695 -9.718572E-10 -0.6722001 0.7403695 -1.025362E-08 -0.6722001 0.7403695 -1.025362E-08 -0.6722001 0.7403695 -1.025362E-08 -0.6722001 0.7403695 -0.4483987 -1.288637E-08 0.8938336 -0.4483987 -1.288637E-08 0.8938336 -0.4483987 -1.288637E-08 0.8938336 -0.4021895 0.9155565 -2.972399E-09 -0.4021895 0.9155565 -2.972399E-09 -0.4021895 0.9155565 -2.972399E-09 -0.4677303 0.8838713 4.658514E-10 -0.4677303 0.8838713 4.658514E-10 -0.4677303 0.8838713 4.658514E-10 0.6093092 0.7929327 4.052649E-09 0.6093092 0.7929327 4.052649E-09 0.6093092 0.7929327 4.052649E-09 -9.486172E-09 0.8198869 0.5725256 -9.486172E-09 0.8198869 0.5725256 -9.486172E-09 0.8198869 0.5725256 -7.107781E-10 -0.6575195 0.7534375 -7.107781E-10 -0.6575195 0.7534375 -7.107781E-10 -0.6575195 0.7534375 -0.6998729 1.055551E-08 0.7142675 -0.6998729 1.055551E-08 0.7142675 -0.6998729 1.055551E-08 0.7142675 -1.634926E-11 0.9919567 -0.1265776 1.827479E-13 0.991323 -0.1314485 -7.529863E-13 0.9885378 -0.1509734 2.500556E-12 0.9875851 -0.1570847 -2.427134E-11 0.9869316 -0.1611399 -3.383149E-11 0.988258 -0.1527944 -1.242475E-11 0.9892911 -0.1459555 1.340575E-10 0.9901407 -0.1400761 -8.92062E-11 0.9897965 -0.1424881 2.467881E-11 0.9894467 -0.1448976 1.466103E-11 0.9871778 -0.1596243 -6.014455E-12 0.9838749 -0.1788584 9.816981E-11 0.990816 -0.1352169 -2.794767E-12 0.9830388 -0.1833976 -2.762156E-11 0.9935749 -0.113177 2.771172E-10 0.9940474 -0.1089488 0 0 1 0 0 1 0 0 1 0 0 1 0 0 1 0 0 1 0 0 1 0 0 1 0 0 1 0 0 1 0 0 1 0 0 1 0 0 1 0 0 1 0 0 1 0 0 1 0 0 1 0 0 1 0 0 1 0 0 1 0 0 1 0 0 1 0 0.4725146 0.8813229 0 0.4725146 0.8813229 0 0.4725146 0.8813229 0 0.4725146 0.8813229 0 0.4725146 0.8813229 0 0.4725146 0.8813229 0 0 1 0 0 1 0 0 1 0 0 1 0 0 1 0 0 1 0 0 1 0 0 1 0 0 1 0 0 1 0 0 1 0 0 1 0 0 1 0 0 1 0 0 1 0 0 1 0 0.9296116 0.3685407 0 0.9296116 0.3685407 0 0.9296116 0.3685407 0 0.9296116 0.3685407 0 0.9296116 0.3685407 0 0.9296116 0.3685407 0 0.9792716 0.2025516 0 0.9743702 0.2249506 0 0.9743702 0.2249506 1.118025E-11 0.980992 0.1940483 0 0.9878149 0.1556336 0 0.9792564 0.2026249 0 0.9743702 0.2249506 -6.955337E-11 0.9842105 0.177002 1.01668E-11 0.9886293 0.1503735 -2.643988E-11 0.9878148 0.1556339 0 0.9913658 0.1311256 2.52572E-11 0.9920071 0.1261818 -2.459792E-10 0.99378 0.1113614 7.483246E-10 0.9943218 0.1064153 -5.433273E-10 0.944383 -0.3288477 -5.433273E-10 0.944383 -0.3288477 -1.744922E-10 0.9545637 -0.298007 -1.744922E-10 0.9545637 -0.298007 1.931116E-11 0.963736 -0.2668575 1.931116E-11 0.963736 -0.2668575 -5.378455E-13 -0.4720633 0.8815647 -5.378455E-13 -0.4720633 0.8815647 0 -0.4720643 0.8815641 -5.378455E-13 -0.4720633 0.8815647 -6.686823E-13 -0.4720653 0.8815635 -6.686823E-13 -0.4720653 0.8815635 -6.686823E-13 -0.4720653 0.8815635 6.767716E-13 0.8162614 -0.5776829 6.767716E-13 0.8162614 -0.5776829 6.767716E-13 0.8162614 -0.5776829 0 0.8162604 -0.5776842 1.065382E-12 0.8162594 -0.5776857 1.065382E-12 0.8162594 -0.5776857 1.065382E-12 0.8162594 -0.5776857  
	<SubMeshes>: 1
		<SubMesh>: 0 276 0 1 2 3 4 5 6 7 8 9 10 11 12 13 14 15 16 17 18 19 20 21 22 23 24 25 26 27 28 29 30 31 32 30 32 33 32 34 33 34 35 33 34 36 35 37 35 36 37 38 35 39 35 38 39 40 35 41 35 40 41 33 35 30 33 42 41 42 33 41 43 42 42 44 30 42 45 44 46 47 48 46 48 49 50 46 49 50 51 46 52 53 54 52 54 55 56 52 55 56 55 57 56 57 58 56 58 59 59 60 56 60 59 61 60 61 62 63 60 62 62 64 63 65 64 62 65 62 66 67 65 66 68 69 70 68 70 71 70 72 71 70 73 72 74 75 76 74 76 77 78 74 77 78 77 79 78 79 80 78 80 81 81 82 78 82 81 83 82 83 84 85 82 84 84 86 85 87 85 86 87 86 88 87 88 89 90 91 92 90 92 93 92 94 93 92 95 94 96 97 98 96 98 99 100 96 99 98 101 99 98 102 101 99 101 103 103 104 99 100 99 105 104 105 99 106 100 105 106 105 107 107 105 104 108 107 104 104 109 108 110 111 112 110 112 113 114 113 112 114 115 113 116 117 118 116 118 119 118 120 121 118 121 122 123 124 125 123 125 126 127 128 126 127 129 128  
</Mesh>
