<Mesh>: 96 SM_Bld_Stone_Wall_End_01
	<Bounds>: 1.192093E-07 0.8238443 0 0.3480881 0.8238443 0.3480885
	<Positions>: 96 0.1546857 0.86742 0.2765872 0.2765875 0.5782915 0.2765872 0.2765877 0.8233699 0.1710178 0.2765875 1.092645 0.2765872 0.1546857 0.86742 0.2765872 0.2765877 0.8233699 0.1710178 -0.2765868 1.319203 -0.2765872 -0.1876104 1.069585 -0.2765872 -0.2765868 1.082018 -0.1988214 -0.1876104 1.069585 -0.2765872 -0.2765868 0.8121215 -0.2765872 -0.2765868 1.082018 -0.1988214 0.3480883 1.468545 0.3480884 0.3480883 1.571475 0.3480885 -0.348088 1.571475 0.3480885 -0.348088 1.468545 0.3480884 0.2547112 1.647689 0.2547109 0.2547112 1.647689 -0.2547109 -0.2547109 1.647689 -0.2547109 -0.2547109 1.647689 0.2547109 0.3480883 1.571475 -0.3480885 0.3480883 1.468545 -0.3480884 -0.348088 1.468545 -0.3480884 -0.348088 1.571475 -0.3480885 0.2765875 0 -0.2765872 0.2765875 0 0.2765872 -0.2765868 0 0.2765872 -0.2765868 0 -0.2765872 -0.348088 1.468545 0.3480884 -0.348088 1.571475 0.3480885 -0.348088 1.571475 -0.3480885 -0.348088 1.468545 -0.3480884 0.3480883 1.468545 -0.3480884 0.3480883 1.571475 -0.3480885 0.3480883 1.571475 0.3480885 0.3480883 1.468545 0.3480884 0.2765875 0 0.2765872 0.2765875 0.5782915 0.2765872 0.1546857 0.86742 0.2765872 -0.2765868 0 0.2765872 -0.2765868 1.436867 0.2765872 0.2765875 1.436867 0.2765872 0.2765875 1.092645 0.2765872 -0.2765868 1.436867 0.2765872 -0.2765868 1.436867 -0.2765872 -0.2765868 1.319203 -0.2765872 -0.2765868 1.082018 -0.1988214 -0.2765868 0 0.2765872 -0.2765868 0.8121215 -0.2765872 -0.2765868 0 -0.2765872 0.2765875 1.436867 0.2765872 0.3480883 1.468545 0.3480884 -0.348088 1.468545 0.3480884 -0.2765868 1.436867 0.2765872 -0.2765868 1.436867 -0.2765872 -0.348088 1.468545 -0.3480884 0.3480883 1.468545 -0.3480884 0.2765875 1.436867 -0.2765872 -0.2765868 1.436867 0.2765872 -0.348088 1.468545 0.3480884 -0.348088 1.468545 -0.3480884 -0.2765868 1.436867 -0.2765872 0.2765875 1.436867 -0.2765872 0.3480883 1.468545 -0.3480884 0.3480883 1.468545 0.3480884 0.2765875 1.436867 0.2765872 0.3480883 1.571475 0.3480885 0.2547112 1.647689 0.2547109 -0.2547109 1.647689 0.2547109 -0.348088 1.571475 0.3480885 -0.348088 1.571475 0.3480885 -0.2547109 1.647689 0.2547109 -0.2547109 1.647689 -0.2547109 -0.348088 1.571475 -0.3480885 -0.348088 1.571475 -0.3480885 -0.2547109 1.647689 -0.2547109 0.2547112 1.647689 -0.2547109 0.3480883 1.571475 -0.3480885 0.3480883 1.571475 -0.3480885 0.2547112 1.647689 -0.2547109 0.2547112 1.647689 0.2547109 0.3480883 1.571475 0.3480885 0.2765875 1.436867 -0.2765872 -0.2765868 1.319203 -0.2765872 -0.2765868 1.436867 -0.2765872 -0.1876104 1.069585 -0.2765872 0.2765875 0 -0.2765872 -0.2765868 0.8121215 -0.2765872 -0.2765868 0 -0.2765872 0.2765875 0 -0.2765872 0.2765875 0.5782915 0.2765872 0.2765875 0 0.2765872 0.2765877 0.8233699 0.1710178 0.2765875 1.436867 -0.2765872 0.2765875 1.092645 0.2765872 0.2765875 1.436867 0.2765872  
	<Colors>: 0  
	<TextureCoords0>: 96 0.3517966 0.7876452 0.3517966 0.7876452 0.3517966 0.7876452 0.3517966 0.7876452 0.3517966 0.7876452 0.3517966 0.7876452 0.3517965 0.7876452 0.3517966 0.7876452 0.3517965 0.7876452 0.3517966 0.7876452 0.3517966 0.7876452 0.3517965 0.7876452 0.353791 0.7617182 0.353791 0.7617182 0.353791 0.7617182 0.353791 0.7617182 0.353791 0.7617182 0.353791 0.7617182 0.353791 0.7617182 0.353791 0.7617182 0.353791 0.7617182 0.353791 0.7617182 0.353791 0.7617182 0.353791 0.7617182 0.3517966 0.7876452 0.3517966 0.7876452 0.3517966 0.7876452 0.3517966 0.7876452 0.353791 0.7617182 0.353791 0.7617182 0.353791 0.7617182 0.353791 0.7617182 0.353791 0.7617182 0.353791 0.7617182 0.353791 0.7617182 0.353791 0.7617182 0.3517966 0.7876452 0.3517966 0.7876452 0.3517966 0.7876452 0.3517966 0.7876452 0.3517966 0.7876452 0.3517966 0.7876452 0.3517966 0.7876452 0.3517966 0.7876452 0.3517966 0.7876452 0.3517965 0.7876452 0.3517965 0.7876452 0.3517966 0.7876452 0.3517966 0.7876452 0.3517966 0.7876452 0.353791 0.7617182 0.353791 0.7617182 0.353791 0.7617182 0.353791 0.7617182 0.353791 0.7617182 0.353791 0.7617182 0.353791 0.7617182 0.353791 0.7617182 0.353791 0.7617182 0.353791 0.7617182 0.353791 0.7617182 0.353791 0.7617182 0.353791 0.7617182 0.353791 0.7617182 0.353791 0.7617182 0.353791 0.7617182 0.353791 0.7617182 0.353791 0.7617182 0.353791 0.7617182 0.353791 0.7617182 0.353791 0.7617182 0.353791 0.7617182 0.353791 0.7617182 0.353791 0.7617182 0.353791 0.7617182 0.353791 0.7617182 0.353791 0.7617182 0.353791 0.7617182 0.353791 0.7617182 0.353791 0.7617182 0.353791 0.7617182 0.353791 0.7617182 0.3517966 0.7876452 0.3517966 0.7876452 0.3517966 0.7876452 0.3517966 0.7876452 0.3517966 0.7876452 0.3517966 0.7876452 0.3517966 0.7876452 0.3517966 0.7876452 0.3517966 0.7876452 0.3517966 0.7876452 0.3517966 0.7876452 0.3517966 0.7876452 0.3517966 0.7876452 0.3517966 0.7876452  
	<TextureCoords1>: 0  
	<Normals>: 96 0.684261 0.2884968 0.6697435 0.684261 0.2884968 0.6697435 0.684261 0.2884968 0.6697435 0.5591167 -0.3026181 0.7718879 0.5591167 -0.3026181 0.7718879 0.5591167 -0.3026181 0.7718879 -0.6580955 -0.2345776 -0.7154605 -0.6580955 -0.2345776 -0.7154605 -0.6580955 -0.2345776 -0.7154605 -0.6252421 0.2160766 -0.7499222 -0.6252421 0.2160766 -0.7499222 -0.6252421 0.2160766 -0.7499222 0 0 1 0 0 1 0 0 1 0 0 1 0 1 0 0 1 0 0 1 0 0 1 0 0 0 -1 0 0 -1 0 0 -1 0 0 -1 0 -1 0 0 -1 0 0 -1 0 0 -1 0 -1 0 0 -1 0 0 -1 0 0 -1 0 0 1 0 0 1 0 0 1 0 0 1 0 0 0 0 1 0 0 1 0 0 1 0 0 1 0 0 1 0 0 1 0 0 1 -1 0 0 -1 0 0 -1 0 0 -1 0 0 -1 0 0 -1 0 0 -1 0 0 0 -0.9142849 0.4050718 0 -0.9142849 0.4050718 0 -0.9142849 0.4050718 0 -0.9142849 0.4050718 0 -0.9142849 -0.4050718 0 -0.9142849 -0.4050718 0 -0.9142849 -0.4050718 0 -0.9142849 -0.4050718 -0.4050715 -0.914285 0 -0.4050715 -0.914285 0 -0.4050715 -0.914285 0 -0.4050715 -0.914285 0 0.4050738 -0.914284 0 0.4050738 -0.914284 0 0.4050738 -0.914284 0 0.4050738 -0.914284 0 0 0.7747132 0.6323128 0 0.7747132 0.6323128 0 0.7747132 0.6323128 0 0.7747132 0.6323128 -0.6323149 0.7747115 0 -0.6323149 0.7747115 0 -0.6323149 0.7747115 0 -0.6323149 0.7747115 0 0 0.7747132 -0.6323128 0 0.7747132 -0.6323128 0 0.7747132 -0.6323128 0 0.7747132 -0.6323128 0.6323149 0.7747115 0 0.6323149 0.7747115 0 0.6323149 0.7747115 0 0.6323149 0.7747115 0 0 0 -1 0 0 -1 0 0 -1 0 0 -1 0 0 -1 0 0 -1 0 0 -1 1 0 0 1 0 0 1 0 0 1 0 0 1 0 0 1 0 0 1 0 0  
	<Tangents>: 96 -0.2061734 0.9574808 -0.2017992 -0.2061734 0.9574808 -0.2017992 -0.2061734 0.9574808 -0.2017992 0.1775226 0.9531118 0.2450785 0.1775226 0.9531118 0.2450785 0.1775226 0.9531118 0.2450785 -0.1588056 0.9720974 -0.1726484 -0.1588056 0.9720974 -0.1726484 -0.1588056 0.9720974 -0.1726484 0.138369 0.9763764 0.1659613 0.138369 0.9763764 0.1659613 0.138369 0.9763764 0.1659613 1 0 0 1 0 0 1 0 0 1 0 0 1 0 0 1 0 0 1 0 0 1 0 0 1 0 0 1 0 0 1 0 0 1 0 0 1 0 0 1 0 0 1 0 0 1 0 0 0 1 0 0 1 0 0 1 0 0 1 0 0 1 0 0 1 0 0 1 0 0 1 0 1 0 0 1 0 0 1 0 0 1 0 0 1 0 0 1 0 0 1 0 0 0 1 0 0 1 0 0 1 0 0 1 0 0 1 0 0 1 0 0 1 0 1 0 0 1 0 0 1 0 0 1 0 0 1 0 0 1 0 0 1 0 0 1 0 0 0 0 1 0 0 1 0 0 1 0 0 1 0 0 1 0 0 1 0 0 1 0 0 1 1 0 0 1 0 0 1 0 0 1 0 0 0 0 1 0 0 1 0 0 1 0 0 1 1 0 0 1 0 0 1 0 0 1 0 0 0 0 1 0 0 1 0 0 1 0 0 1 1 0 0 1 0 0 1 0 0 1 0 0 1 0 0 1 0 0 1 0 0 0 1 0 0 1 0 0 1 0 0 1 0 0 1 0 0 1 0 0 1 0  
	<BiTangents>: 96 -0.6994851 -9.769765E-09 0.7146472 -0.6994851 -9.769765E-09 0.7146472 -0.6994851 -9.769765E-09 0.7146472 0.8098607 -8.77875E-09 -0.5866223 0.8098607 -8.77875E-09 -0.5866223 0.8098607 -8.77875E-09 -0.5866223 0.7359967 2.837006E-09 -0.6769851 0.7359967 2.837006E-09 -0.6769851 0.7359967 2.837006E-09 -0.6769851 0.7680666 4.39222E-11 -0.64037 0.7680666 4.39222E-11 -0.64037 0.7680666 4.39222E-11 -0.64037 0 1 0 0 1 0 0 1 0 0 1 0 0 0 1 0 0 1 0 0 1 0 0 1 0 1 0 0 1 0 0 1 0 0 1 0 0 0 1 0 0 1 0 0 1 0 0 1 0 0 1 0 0 1 0 0 1 0 0 1 0 0 1 0 0 1 0 0 1 0 0 1 0 1 0 0 1 0 0 1 0 0 1 0 0 1 0 0 1 0 0 1 0 0 0 1 0 0 1 0 0 1 0 0 1 0 0 1 0 0 1 0 0 1 0 0.4050718 0.9142849 0 0.4050718 0.9142849 0 0.4050718 0.9142849 0 0.4050718 0.9142849 0 -0.4050718 0.9142849 0 -0.4050718 0.9142849 0 -0.4050718 0.9142849 0 -0.4050718 0.9142849 0.914285 -0.4050715 0 0.914285 -0.4050715 0 0.914285 -0.4050715 0 0.914285 -0.4050715 0 0.914284 0.4050738 0 0.914284 0.4050738 0 0.914284 0.4050738 0 0.914284 0.4050738 0 0 -0.6323128 0.7747132 0 -0.6323128 0.7747132 0 -0.6323128 0.7747132 0 -0.6323128 0.7747132 0.7747115 0.6323149 0 0.7747115 0.6323149 0 0.7747115 0.6323149 0 0.7747115 0.6323149 0 0 0.6323128 0.7747132 0 0.6323128 0.7747132 0 0.6323128 0.7747132 0 0.6323128 0.7747132 0.7747115 -0.6323149 0 0.7747115 -0.6323149 0 0.7747115 -0.6323149 0 0.7747115 -0.6323149 0 0 1 0 0 1 0 0 1 0 0 1 0 0 1 0 0 1 0 0 1 0 0 0 1 0 0 1 0 0 1 0 0 1 0 0 1 0 0 1 0 0 1  
	<SubMeshes>: 1
		<SubMesh>: 0 156 0 1 2 3 4 5 6 7 8 9 10 11 12 13 14 12 14 15 16 17 18 16 18 19 20 21 22 20 22 23 24 25 26 24 26 27 28 29 30 28 30 31 32 33 34 32 34 35 36 37 38 36 38 39 38 40 39 38 41 40 38 42 41 43 44 45 43 45 46 47 43 46 47 46 48 47 48 49 50 51 52 50 52 53 54 55 56 54 56 57 58 59 60 58 60 61 62 63 64 62 64 65 66 67 68 66 68 69 70 71 72 70 72 73 74 75 76 74 76 77 78 79 80 78 80 81 82 83 84 82 85 83 82 86 85 86 87 85 86 88 87 89 90 91 89 92 90 89 93 92 93 94 92 93 95 94  
</Mesh>
