<Mesh>: 276 SM_Item_Map_Attachment_01
	<Bounds>: 0 2.384186E-05 0.0003814697 5.376434 4.021144 20.09468
	<Positions>: 276 2.401733 -0.5590677 -1.437378 1.77002 1.128101 -20.0943 4.458618 -2.505517 -20.0943 1.690292 1.518202 -1.437378 2.243042 2.715492 -20.0943 0.4760742 1.815128 -1.437378 2.243042 2.715492 -20.0943 -0.3787994 4.021168 -20.0943 0.4760742 1.815128 -1.437378 0.4760742 1.815128 -1.437378 -0.3787994 4.021168 -20.0943 -1.599121 1.987648 -1.437378 -0.3787994 4.021168 -20.0943 -3.376007 3.9114 -20.0943 -1.599121 1.987648 -1.437378 -1.599121 1.987648 -1.437378 -3.376007 3.9114 -20.0943 -3.193665 0.4433632 -1.437378 -3.376007 3.9114 -20.0943 -5.376434 1.158619 -20.0943 -3.193665 0.4433632 -1.437378 -1.539612 -2.820051 -1.437378 -3.189468 -1.469779 -1.437378 -3.219986 -4.02112 -20.0943 -3.189468 -1.469779 -1.437378 -5.371094 -1.877904 -20.0943 -3.219986 -4.02112 -20.0943 2.191162 -1.461315 -1.437378 1.959991 -1.864481 -20.0943 2.401733 -0.5590677 -1.437378 1.959991 -1.864481 -20.0943 1.77002 1.128101 -20.0943 2.401733 -0.5590677 -1.437378 2.576447 0.4362583 -1.437378 2.401733 -0.5590677 -1.437378 5.376434 -1.48294 -20.0943 2.401733 -0.5590677 -1.437378 4.458618 -2.505517 -20.0943 5.376434 -1.48294 -20.0943 1.77002 1.147842 20.09506 1.959991 -1.864481 20.09506 2.309036 -0.5651236 1.254272 1.959991 -1.864481 20.09506 2.088165 -1.460981 1.254272 2.309036 -0.5651236 1.254272 4.458618 -2.505517 20.09506 1.77002 1.147842 20.09506 2.309036 -0.5651236 1.254272 4.458618 -2.505517 20.09506 2.309036 -0.5651236 1.254272 5.376434 -1.48294 20.09506 2.309036 -0.5651236 1.254272 2.470779 0.4404068 1.254272 5.376434 -1.48294 20.09506 1.63765 1.554394 1.254272 0.4196167 1.919746 1.254272 2.243042 2.715492 20.09506 0.4196167 1.919746 1.254272 -0.3787994 4.021072 20.09506 2.243042 2.715492 20.09506 0.4196167 1.919746 1.254272 -1.663589 2.065706 1.254272 -0.3787994 4.021072 20.09506 -1.663589 2.065706 1.254272 -3.376007 3.9114 20.09506 -0.3787994 4.021072 20.09506 -1.663589 2.065706 1.254272 -3.242874 0.4738808 1.254272 -3.376007 3.9114 20.09506 -3.242874 0.4738808 1.254272 -5.376434 1.158619 20.09506 -3.376007 3.9114 20.09506 -5.371094 -1.877904 20.09506 -3.238678 -1.469564 1.254272 -3.219986 -4.02112 20.09506 -3.238678 -1.469564 1.254272 -1.598358 -2.841294 1.254272 -3.219986 -4.02112 20.09506 -1.599121 1.987648 -1.437378 -3.193665 0.4433632 -1.437378 -1.963425 2.889872 -1.3237 -1.663589 2.065706 1.254272 -2.035904 2.955294 1.094055 -3.242874 0.4738808 1.254272 -2.035904 2.955294 1.094055 -4.185867 0.730896 1.271057 -3.242874 0.4738808 1.254272 -4.185867 0.730896 1.271057 -3.238678 -1.469564 1.254272 -4.158401 -1.741457 1.246643 -3.238678 -1.469564 1.254272 -1.965332 -3.756154 1.108551 -1.598358 -2.841294 1.254272 -3.238678 -1.469564 1.254272 -1.965332 -3.756154 1.108551 -1.539612 -2.820051 -1.437378 -1.899338 -3.740954 -1.308441 -3.189468 -1.469779 -1.437378 4.458618 -2.505517 20.09506 5.376434 -1.48294 20.09506 1.77002 1.147842 20.09506 2.243042 2.715492 20.09506 -0.3787994 4.021072 20.09506 -0.7507324 2.745438 20.09506 -2.905273 2.706289 20.09506 -3.376007 3.9114 20.09506 -5.376434 1.158619 20.09506 -4.366302 0.8113384 20.09506 -4.35257 -1.453948 20.09506 -5.371094 -1.877904 20.09506 -2.799606 -3.00132 20.09506 -3.219986 -4.02112 20.09506 -0.6072998 -2.997327 20.09506 -0.1834869 -4.01557 20.09506 0.9120941 -1.488376 20.09506 1.959991 -1.864481 20.09506 4.458618 -2.505517 -20.0943 1.77002 1.128101 -20.0943 5.376434 -1.48294 -20.0943 2.243042 2.715492 -20.0943 -0.3787994 4.021168 -20.0943 -0.7507324 2.745438 -20.0943 -2.905273 2.706289 -20.0943 -3.376007 3.9114 -20.0943 -5.376434 1.158619 -20.0943 -4.366302 0.8113384 -20.0943 -4.352951 -1.453948 -20.0943 -5.371094 -1.877904 -20.0943 -3.219986 -4.02112 -20.0943 -2.799606 -3.00132 -20.0943 -0.1834869 -4.01557 -20.0943 -0.6072998 -2.997327 -20.0943 0.9120941 -1.488376 -20.0943 1.959991 -1.864481 -20.0943 5.376434 -1.48294 -20.0943 2.243042 2.715492 -20.0943 2.576447 0.4362583 -1.437378 1.690292 1.518202 -1.437378 0.7892609 -2.816558 -1.437378 -1.539612 -2.820051 -1.437378 -0.1834869 -4.01557 -20.0943 -3.219986 -4.02112 -20.0943 2.191162 -1.461315 -1.437378 0.7892609 -2.816558 -1.437378 1.959991 -1.864481 -20.0943 -0.1834869 -4.01557 -20.0943 -3.189468 -1.469779 -1.437378 -3.193665 0.4433632 -1.437378 -5.371094 -1.877904 -20.0943 -5.376434 1.158619 -20.0943 3.326035 0.7142067 -1.29776 2.028275 2.31595 -1.298523 3.216934 0.6729126 1.12915 1.968384 2.358103 1.119232 2.028275 2.31595 -1.298523 0.6706238 2.787304 -1.316833 1.968384 2.358103 1.119232 0.6099701 2.888298 1.099396 0.6706238 2.787304 -1.316833 -1.963425 2.889872 -1.3237 0.6099701 2.888298 1.099396 -2.035904 2.955294 1.094055 -1.963425 2.889872 -1.3237 -4.130173 0.6761074 -1.449585 -2.035904 2.955294 1.094055 -4.185867 0.730896 1.271057 -4.185867 0.730896 1.271057 -4.130173 0.6761074 -1.449585 -4.158401 -1.741457 1.246643 -4.103088 -1.78442 -1.473236 -4.158401 -1.741457 1.246643 -4.103088 -1.78442 -1.473236 -1.965332 -3.756154 1.108551 -1.899338 -3.740954 -1.308441 -1.965332 -3.756154 1.108551 -1.899338 -3.740954 -1.308441 1.083374 -3.757566 1.122284 1.164627 -3.730011 -1.294708 1.083374 -3.757566 1.122284 1.164627 -3.730011 -1.294708 2.805328 -2.069092 1.133728 2.92244 -2.049589 -1.284027 2.805328 -2.069092 1.133728 2.92244 -2.049589 -1.284027 3.014755 -0.8826494 1.152039 3.119278 -0.8078098 -1.275635 3.216934 0.6729126 1.12915 3.326035 0.7142067 -1.29776 -3.219986 -4.02112 20.09506 -1.598358 -2.841294 1.254272 -0.1834869 -4.01557 20.09506 0.7167816 -2.837706 1.254272 -0.1834869 -4.01557 20.09506 0.7167816 -2.837706 1.254272 1.959991 -1.864481 20.09506 2.088165 -1.460981 1.254272 1.63765 1.554394 1.254272 2.243042 2.715492 20.09506 2.470779 0.4404068 1.254272 5.376434 -1.48294 20.09506 -5.376434 1.158619 20.09506 -3.242874 0.4738808 1.254272 -5.371094 -1.877904 20.09506 -3.238678 -1.469564 1.254272 2.576447 0.4362583 -1.437378 1.690292 1.518202 -1.437378 3.326035 0.7142067 -1.29776 2.028275 2.31595 -1.298523 2.470779 0.4404068 1.254272 3.216934 0.6729126 1.12915 1.63765 1.554394 1.254272 1.968384 2.358103 1.119232 0.6706238 2.787304 -1.316833 2.028275 2.31595 -1.298523 1.690292 1.518202 -1.437378 0.4760742 1.815128 -1.437378 -1.599121 1.987648 -1.437378 -1.963425 2.889872 -1.3237 1.63765 1.554394 1.254272 1.968384 2.358103 1.119232 0.4196167 1.919746 1.254272 0.6099701 2.888298 1.099396 -1.663589 2.065706 1.254272 -2.035904 2.955294 1.094055 -3.193665 0.4433632 -1.437378 -4.130173 0.6761074 -1.449585 -1.963425 2.889872 -1.3237 -3.189468 -1.469779 -1.437378 -4.103088 -1.78442 -1.473236 -1.899338 -3.740954 -1.308441 0.7167816 -2.837706 1.254272 -1.598358 -2.841294 1.254272 1.083374 -3.757566 1.122284 -1.965332 -3.756154 1.108551 -1.539612 -2.820051 -1.437378 0.7892609 -2.816558 -1.437378 -1.899338 -3.740954 -1.308441 1.164627 -3.730011 -1.294708 2.088165 -1.460981 1.254272 0.7167816 -2.837706 1.254272 2.805328 -2.069092 1.133728 1.083374 -3.757566 1.122284 2.191162 -1.461315 -1.437378 2.92244 -2.049589 -1.284027 0.7892609 -2.816558 -1.437378 1.164627 -3.730011 -1.294708 2.088165 -1.460981 1.254272 2.805328 -2.069092 1.133728 3.014755 -0.8826494 1.152039 2.309036 -0.5651236 1.254272 2.470779 0.4404068 1.254272 3.216934 0.6729126 1.12915 3.119278 -0.8078098 -1.275635 2.92244 -2.049589 -1.284027 2.191162 -1.461315 -1.437378 2.401733 -0.5590677 -1.437378 2.576447 0.4362583 -1.437378 3.326035 0.7142067 -1.29776 0.9120941 -1.488376 -20.0943 -1.708221 -0.352931 -20.0943 1.77002 1.128101 -20.0943 -0.6072998 -2.997327 -20.0943 -0.7507324 2.745438 -20.0943 -2.799606 -3.00132 -20.0943 -2.905273 2.706289 -20.0943 -4.352951 -1.453948 -20.0943 -4.366302 0.8113384 -20.0943 1.77002 1.147842 20.09506 -1.708221 -0.352931 20.09506 0.9120941 -1.488376 20.09506 -0.7507324 2.745438 20.09506 -0.6072998 -2.997327 20.09506 -2.905273 2.706289 20.09506 -2.799606 -3.00132 20.09506 -4.366302 0.8113384 20.09506 -4.35257 -1.453948 20.09506  
	<Colors>: 0  
	<TextureCoords0>: 276 0.2979008 0.7350116 0.2979008 0.7350116 0.2979008 0.7350116 0.2979008 0.7350116 0.2979008 0.7350116 0.2979008 0.7350116 0.2979008 0.7350116 0.2979008 0.7350116 0.2979008 0.7350116 0.2979008 0.7350116 0.2979008 0.7350116 0.2979008 0.7350116 0.2979008 0.7350116 0.2979008 0.7350116 0.2979008 0.7350116 0.2979008 0.7350116 0.2979008 0.7350116 0.2979008 0.7350116 0.2979008 0.7350116 0.2979008 0.7350116 0.2979008 0.7350116 0.2979007 0.7350116 0.2979007 0.7350116 0.2979007 0.7350116 0.2979007 0.7350116 0.2979007 0.7350116 0.2979007 0.7350116 0.2979008 0.7350116 0.2979008 0.7350116 0.2979008 0.7350116 0.2979008 0.7350116 0.2979008 0.7350116 0.2979008 0.7350116 0.2979008 0.7350116 0.2979008 0.7350116 0.2979008 0.7350116 0.2979008 0.7350116 0.2979008 0.7350116 0.2979008 0.7350116 0.2979008 0.7350116 0.2979008 0.7350116 0.2979008 0.7350116 0.2979008 0.7350116 0.2979008 0.7350116 0.2979008 0.7350116 0.2979008 0.7350116 0.2979008 0.7350116 0.2979008 0.7350116 0.2979008 0.7350116 0.2979008 0.7350116 0.2979008 0.7350116 0.2979008 0.7350116 0.2979008 0.7350116 0.2979008 0.7350116 0.2979008 0.7350116 0.2979008 0.7350116 0.2979008 0.7350116 0.2979008 0.7350116 0.2979008 0.7350116 0.2979008 0.7350116 0.2979008 0.7350116 0.2979008 0.7350116 0.2979008 0.7350116 0.2979008 0.7350116 0.2979008 0.7350116 0.2979008 0.7350116 0.2979008 0.7350116 0.2979008 0.7350116 0.2979008 0.7350116 0.2979008 0.7350116 0.2979008 0.7350116 0.2979008 0.7350116 0.2979007 0.7350116 0.2979007 0.7350116 0.2979007 0.7350116 0.2979007 0.7350116 0.2979007 0.7350116 0.2979007 0.7350116 0.3093581 0.6902695 0.3093581 0.6902695 0.3093581 0.6902695 0.3093581 0.6902695 0.3093581 0.6902695 0.3093581 0.6902695 0.3093581 0.6902695 0.3093581 0.6902695 0.3093581 0.6902695 0.3093581 0.6902695 0.3093581 0.6902692 0.3093581 0.6902692 0.3093581 0.6902692 0.3093581 0.6902692 0.3093581 0.6902692 0.3093581 0.6902692 0.3093581 0.6902692 0.3093581 0.6902692 0.3093581 0.6902692 0.3093581 0.6902692 0.2979008 0.7350116 0.2979008 0.7350116 0.2979008 0.7350116 0.2979008 0.7350116 0.2979008 0.7350116 0.2979008 0.7350116 0.2979008 0.7350116 0.2979008 0.7350116 0.2979008 0.7350116 0.2979008 0.7350116 0.2979008 0.7350116 0.2979008 0.7350116 0.2979008 0.7350116 0.2979008 0.7350116 0.2979007 0.7350116 0.2979007 0.7350116 0.2979007 0.7350116 0.2979007 0.7350116 0.2979008 0.7350116 0.2979008 0.7350116 0.2979008 0.7350116 0.2979008 0.7350116 0.2979008 0.7350116 0.2979008 0.7350116 0.2979008 0.7350116 0.2979008 0.7350116 0.2979008 0.7350116 0.2979008 0.7350116 0.2979008 0.7350116 0.2979008 0.7350116 0.2979008 0.7350116 0.2979008 0.7350116 0.2979007 0.7350116 0.2979007 0.7350116 0.2979007 0.7350116 0.2979007 0.7350116 0.2979008 0.7350116 0.2979008 0.7350116 0.2979008 0.7350116 0.2979008 0.7350116 0.2979008 0.7350116 0.2979007 0.7350116 0.2979008 0.7350116 0.2979007 0.7350116 0.2979008 0.7350116 0.2979008 0.7350116 0.2979008 0.7350116 0.2979008 0.7350116 0.2979008 0.7350116 0.2979008 0.7350116 0.2979008 0.7350116 0.2979008 0.7350116 0.3093578 0.6902695 0.3093578 0.6902695 0.3093578 0.6902695 0.3093578 0.6902695 0.3093578 0.6902695 0.3093579 0.6902695 0.3093578 0.6902695 0.3093579 0.6902695 0.3093579 0.6902695 0.3093581 0.6902695 0.3093579 0.6902695 0.3093581 0.6902695 0.3093581 0.6902695 0.3093581 0.6902695 0.3093581 0.6902695 0.3093581 0.6902695 0.3093581 0.6902695 0.3093581 0.6902695 0.3093581 0.6902692 0.3093581 0.6902692 0.3093581 0.6902692 0.3093581 0.6902692 0.3093581 0.6902692 0.3093581 0.6902692 0.3093581 0.6902692 0.3093581 0.6902692 0.3093579 0.6902692 0.3093579 0.6902692 0.3093579 0.6902692 0.3093579 0.6902692 0.3093578 0.6902692 0.3093578 0.6902692 0.3093578 0.6902692 0.3093578 0.6902692 0.3093578 0.6902692 0.3093578 0.6902692 0.3093578 0.6902695 0.3093578 0.6902695 0.2979007 0.7350116 0.2979007 0.7350116 0.2979008 0.7350116 0.2979008 0.7350116 0.2979008 0.7350116 0.2979008 0.7350116 0.2979008 0.7350116 0.2979008 0.7350116 0.2979008 0.7350116 0.2979008 0.7350116 0.2979008 0.7350116 0.2979008 0.7350116 0.2979008 0.7350116 0.2979008 0.7350116 0.2979008 0.7350116 0.2979008 0.7350116 0.3093578 0.6902695 0.3093578 0.6902695 0.3093578 0.6902695 0.3093578 0.6902695 0.3093578 0.6902695 0.3093578 0.6902695 0.3093578 0.6902695 0.3093578 0.6902695 0.3093579 0.6902695 0.3093578 0.6902695 0.3093578 0.6902695 0.3093579 0.6902695 0.3093581 0.6902695 0.3093581 0.6902695 0.3093578 0.6902695 0.3093578 0.6902695 0.3093579 0.6902695 0.3093579 0.6902695 0.3093581 0.6902695 0.3093581 0.6902695 0.3093581 0.6902695 0.3093581 0.6902695 0.3093581 0.6902695 0.3093581 0.6902692 0.3093581 0.6902692 0.3093581 0.6902692 0.3093579 0.6902692 0.3093581 0.6902692 0.3093579 0.6902692 0.3093581 0.6902692 0.3093581 0.6902692 0.3093579 0.6902692 0.3093581 0.6902692 0.3093579 0.6902692 0.3093578 0.6902692 0.3093579 0.6902692 0.3093578 0.6902692 0.3093579 0.6902692 0.3093578 0.6902692 0.3093578 0.6902692 0.3093579 0.6902692 0.3093579 0.6902692 0.3093578 0.6902692 0.3093578 0.6902692 0.3093578 0.6902692 0.3093578 0.6902692 0.3093578 0.6902695 0.3093578 0.6902695 0.3093578 0.6902692 0.3093578 0.6902692 0.3093578 0.6902692 0.3093578 0.6902692 0.3093578 0.6902695 0.3093578 0.6902695 0.2983945 0.7630149 0.2983945 0.7630149 0.2983945 0.7630149 0.2983945 0.7630149 0.2983945 0.7630149 0.2983945 0.7630149 0.2983945 0.7630149 0.2983945 0.7630149 0.2983945 0.7630149 0.2983945 0.7630149 0.2983945 0.7630149 0.2983945 0.7630149 0.2983945 0.7630149 0.2983945 0.7630149 0.2983945 0.7630149 0.2983945 0.7630149 0.2983945 0.7630149 0.2983945 0.7630149  
	<TextureCoords1>: 0  
	<Normals>: 276 -0.8035878 -0.5945933 -0.02656075 -0.8035878 -0.5945933 -0.02656075 -0.8035878 -0.5945933 -0.02656075 0.2369723 0.9690481 0.06920855 0.2369723 0.9690481 0.06920855 0.2369723 0.9690481 0.06920855 0.444163 0.8918945 0.08510789 0.444163 0.8918945 0.08510789 0.444163 0.8918945 0.08510789 0.08231487 0.9901446 0.1133054 0.08231487 0.9901446 0.1133054 0.08231487 0.9901446 0.1133054 -0.03639294 0.9937075 0.1059292 -0.03639294 0.9937075 0.1059292 -0.03639294 0.9937075 0.1059292 -0.6889452 0.711367 0.1389656 -0.6889452 0.711367 0.1389656 -0.6889452 0.711367 0.1389656 -0.8034615 0.5838701 0.1163851 -0.8034615 0.5838701 0.1163851 -0.8034615 0.5838701 0.1163851 -0.6297615 -0.7694867 0.1062577 -0.6297615 -0.7694867 0.1062577 -0.6297615 -0.7694867 0.1062577 -0.7024391 -0.7050256 0.09756152 -0.7024391 -0.7050256 0.09756152 -0.7024391 -0.7050256 0.09756152 0.9738051 -0.2272718 -0.007154822 0.9738051 -0.2272718 -0.007154822 0.9738051 -0.2272718 -0.007154822 0.9975985 0.06332848 -0.0280513 0.9975985 0.06332848 -0.0280513 0.9975985 0.06332848 -0.0280513 0.971707 -0.1705672 0.1633774 0.971707 -0.1705672 0.1633774 0.971707 -0.1705672 0.1633774 0.7357777 -0.6603986 0.1500163 0.7357777 -0.6603986 0.1500163 0.7357777 -0.6603986 0.1500163 0.9977574 0.06292348 0.02282399 0.9977574 0.06292348 0.02282399 0.9977574 0.06292348 0.02282399 0.9709252 -0.2393786 0.001478602 0.9709252 -0.2393786 0.001478602 0.9709252 -0.2393786 0.001478602 -0.8050255 -0.5924385 0.03083229 -0.8050255 -0.5924385 0.03083229 -0.8050255 -0.5924385 0.03083229 0.7355618 -0.6602049 -0.1519155 0.7355618 -0.6602049 -0.1519155 0.7355618 -0.6602049 -0.1519155 0.9735882 -0.1566051 -0.1661351 0.9735882 -0.1566051 -0.1661351 0.9735882 -0.1566051 -0.1661351 0.2866396 0.955615 -0.06810185 0.2866396 0.955615 -0.06810185 0.2866396 0.955615 -0.06810185 0.444301 0.8922369 -0.08068363 0.444301 0.8922369 -0.08068363 0.444301 0.8922369 -0.08068363 0.06948738 0.9917557 -0.1076665 0.06948738 0.9917557 -0.1076665 0.06948738 0.9917557 -0.1076665 -0.03638116 0.9942509 -0.1007061 -0.03638116 0.9942509 -0.1007061 -0.03638116 0.9942509 -0.1007061 -0.7036534 0.6981099 -0.1323429 -0.7036534 0.6981099 -0.1323429 -0.7036534 0.6981099 -0.1323429 -0.8038456 0.5841492 -0.1122587 -0.8038456 0.5841492 -0.1122587 -0.8038456 0.5841492 -0.1122587 -0.7026269 -0.7052141 -0.0948081 -0.7026269 -0.7052141 -0.0948081 -0.7026269 -0.7052141 -0.0948081 -0.6381147 -0.7630603 -0.102706 -0.6381147 -0.7630603 -0.102706 -0.6381147 -0.7630603 -0.102706 -0.08703268 0.08986516 -0.9921439 -0.08703268 0.08986516 -0.9921439 -0.08703268 0.08986516 -0.9921439 -0.1256579 0.124668 0.9842093 -0.1256579 0.124668 0.9842093 -0.1256579 0.124668 0.9842093 0.03120068 0.04928089 0.9982975 0.02451183 0.02466771 0.9993951 0.02451183 0.02466771 0.9993951 0.01455639 0.01313444 0.9998078 0.006224933 -0.004948032 0.9999684 0.001840531 -0.03426971 0.9994109 0.007164975 -0.02283484 0.9997136 0.009038012 -0.05858363 0.9982417 -0.09855893 -0.1178572 0.9881274 -0.09855893 -0.1178572 0.9881274 -0.09855893 -0.1178572 0.9881274 -0.08602433 -0.1051105 -0.9907328 -0.08602433 -0.1051105 -0.9907328 -0.08602433 -0.1051105 -0.9907328 0 0 1 0 0 1 0 0 1 0 0 1 0 0 1 0 0 1 0 0 1 0 0 1 0 0 1 0 0 1 0 0 1 0 0 1 0 0 1 0 0 1 0 0 1 0 0 1 0 0 1 0 0 1 0 0 -1 0 0 -1 0 0 -1 0 0 -1 0 0 -1 0 0 -1 0 0 -1 0 0 -1 0 0 -1 0 0 -1 0 0 -1 0 0 -1 0 0 -1 0 0 -1 0 0 -1 0 0 -1 0 0 -1 0 0 -1 0.8000324 0.5970836 0.05864628 0.7862541 0.6148784 0.0610664 0.7862541 0.6148784 0.0610664 0.7720729 0.6323581 0.06345523 0.001496713 -0.9979451 0.06405623 0.001660428 -0.9979442 0.06406806 0.001660428 -0.9979442 0.06406806 0.001824142 -0.9979431 0.0640799 0.6950244 -0.7189528 0.006924398 0.7017098 -0.7124215 0.00767721 0.7017098 -0.7124215 0.00767721 0.7083336 -0.7058275 0.008429348 -0.9932247 -0.002178477 0.1161892 -0.9932283 -0.001962654 0.1161628 -0.9932283 -0.001962654 0.1161628 -0.9932318 -0.00174683 0.1161363 0.7761627 0.628882 0.04559243 0.7901118 0.6123425 0.02756864 0.7901118 0.6123425 0.02756864 0.8034343 0.5953172 0.009522978 0.3280678 0.9446173 -0.008342312 0.3460209 0.938033 -0.01906651 0.3460209 0.938033 -0.01906651 0.3638077 0.9309978 -0.02978154 0.03898344 0.9984085 -0.04075312 0.03217179 0.9989202 -0.03351863 0.03217179 0.9989202 -0.03351863 0.02535695 0.999333 -0.02628081 -0.7129271 0.7000784 -0.04031549 -0.7164233 0.6968119 -0.03451004 -0.7164233 0.6968119 -0.03451004 -0.7198789 0.6935059 -0.02870262 -0.9997355 -0.01090632 -0.02024607 -0.999737 -0.01085859 -0.02020329 -0.999737 -0.01085859 -0.02020329 -0.9997383 -0.01081087 -0.02016051 -0.6765952 -0.7363522 -0.00212828 -0.6697569 -0.7424758 -0.01246717 -0.6697569 -0.7424758 -0.01246717 -0.6627906 -0.7484576 -0.02280369 -0.0004349654 -0.9999801 -0.006300222 0.0015935 -0.9999602 -0.00878919 0.0015935 -0.9999602 -0.00878919 0.003621949 -0.9999299 -0.01127807 0.6999964 -0.7139806 0.01539225 0.6953574 -0.7183422 0.02150956 0.6953574 -0.7183422 0.02150956 0.6906641 -0.7226478 0.0276252 0.9836003 -0.1743354 0.04623736 0.9853131 -0.1655238 0.04195141 0.9873623 -0.1531168 0.04087863 0.9894162 -0.1396147 0.0395385 0.9905481 -0.1310584 0.04047262 0.9900967 -0.1338847 0.04223116 0.001824331 -0.9980532 -0.06234192 0.0016856 -0.998054 -0.06233155 0.0016856 -0.998054 -0.06233155 0.00154687 -0.998055 -0.06232119 0.7083212 -0.7058153 -0.01027956 0.7083817 -0.7057546 -0.01028669 0.7083817 -0.7057546 -0.01028669 0.7084421 -0.7056939 -0.01029381 0.7992471 0.5977419 -0.06251837 0.7995482 0.5973445 -0.06246674 0.7995482 0.5973445 -0.06246674 0.7998492 0.596947 -0.0624151 -0.9936548 -0.001747621 -0.1124595 -0.9936516 -0.001946523 -0.112484 -0.9936516 -0.001946523 -0.112484 -0.9936485 -0.002145424 -0.1125084 0.1404942 0.1150702 -0.9833718 0.1398329 0.1136805 -0.9836278 0.1398329 0.1136805 -0.9836278 0.1391713 0.1122904 -0.9838812 0.1340765 0.1002733 0.9858847 0.1362898 0.1043418 0.9851587 0.1362898 0.1043418 0.9851587 0.1385001 0.1084079 0.9844112 0.02749768 0.1278716 -0.9914095 0.06362679 0.1449084 -0.9873973 0.04617271 0.1311591 -0.9902856 0.0193808 0.1192084 -0.9926801 0.008817302 0.1245388 -0.9921755 0.007570082 0.1280138 -0.9917435 0.04432406 0.14777 0.988028 0.04409307 0.1485532 0.987921 0.03303826 0.1509874 0.9879835 0.01910651 0.1611747 0.9867409 0.006722436 0.1670488 0.9859257 0.002527911 0.1782752 0.9839774 0.01743951 0.01774047 -0.9996905 0.02355395 0.0151605 -0.9996076 0.02183259 0.03544643 -0.9991331 0.03264721 -0.006254986 -0.9994474 0.04244736 -0.009396446 -0.9990545 0.04909921 -0.02878835 -0.998379 0.0002200014 -0.1419469 0.9898742 -0.00215091 -0.1487419 0.9888736 -0.00215091 -0.1487419 0.9888736 -0.004521708 -0.1555291 0.9878209 0.0002080791 -0.1387384 -0.990329 0.002590963 -0.1455324 -0.9893501 0.002590963 -0.1455324 -0.9893501 0.004973709 -0.1523188 -0.9883189 0.09037594 -0.09002535 0.9918305 0.09290095 -0.09702675 0.9909366 0.09290095 -0.09702675 0.9909366 0.09542075 -0.1040227 0.989987 0.1129365 -0.1168247 -0.9867104 0.1115757 -0.1129179 -0.9873198 0.1115757 -0.1129179 -0.9873198 0.1102129 -0.1090092 -0.987912 0.1313757 -0.03535705 0.9907019 0.1335099 -0.03884995 0.9902857 0.1410697 -0.02488421 0.9896869 0.1315423 -0.02669661 0.9909509 0.1507365 -0.01440457 0.9884691 0.1675803 -0.007275389 0.9858315 0.1991788 -0.03705355 -0.9792624 0.1873771 -0.02306496 -0.9820172 0.1956689 -0.03533203 -0.9800333 0.2058141 -0.04202586 -0.9776883 0.2026853 -0.03877432 -0.978476 0.1976599 -0.04108835 -0.9794092 0 0 -1 0 0 -1 0 0 -1 0 0 -1 0 0 -1 0 0 -1 0 0 -1 0 0 -1 0 0 -1 0 0 1 0 0 1 0 0 1 0 0 1 0 0 1 0 0 1 0 0 1 0 0 1 0 0 1  
	<Tangents>: 276 -0.02135142 -0.01579842 0.9996472 -0.02135142 -0.01579842 0.9996472 -0.02135142 -0.01579842 0.9996472 -0.01643993 -0.06722761 0.9976022 -0.01643993 -0.06722761 0.9976022 -0.01643993 -0.06722761 0.9976022 -0.03793943 -0.07618368 0.9963717 -0.03793943 -0.07618368 0.9963717 -0.03793943 -0.07618368 0.9963717 0.9966064 -0.08178116 -0.009358476 0.9966064 -0.08178116 -0.009358476 0.9966064 -0.08178116 -0.009358476 0.9993376 0.03618791 0.003857631 0.9993376 0.03618791 0.003857631 0.9993376 0.03618791 0.003857631 0.09667774 -0.09982412 0.9902973 0.09667774 -0.09982412 0.9902973 0.09667774 -0.09982412 0.9902973 0.09415078 -0.06841874 0.9932042 0.09415078 -0.06841874 0.9932042 0.09415078 -0.06841874 0.9932042 0.06729802 0.08222944 0.9943386 0.06729802 0.08222944 0.9943386 0.06729802 0.08222944 0.9943386 0.06885952 0.06911307 0.9952295 0.06885952 0.06911307 0.9952295 0.06885952 0.06911307 0.9952295 0.00696758 -0.001626131 0.9999744 0.00696758 -0.001626131 0.9999744 0.00696758 -0.001626131 0.9999744 0.02799495 0.001777146 0.9996065 0.02799495 0.001777146 0.9996065 0.02799495 0.001777146 0.9996065 -0.1609172 0.02824637 0.9865636 -0.1609172 0.02824637 0.9865636 -0.1609172 0.02824637 0.9865636 -0.111642 0.1002045 0.9886835 -0.111642 0.1002045 0.9886835 -0.111642 0.1002045 0.9886835 -0.02277874 -0.00143654 0.9997395 -0.02277874 -0.00143654 0.9997395 -0.02277874 -0.00143654 0.9997395 -0.001435613 0.000353946 0.9999989 -0.001435613 0.000353946 0.9999989 -0.001435613 0.000353946 0.9999989 0.02483258 0.01827492 0.9995245 0.02483258 0.01827492 0.9995245 0.02483258 0.01827492 0.9995245 0.1130554 -0.1014731 0.9883935 0.1130554 -0.1014731 0.9883935 0.1130554 -0.1014731 0.9883935 0.1543737 0.9876613 -0.02634265 0.1543737 0.9876613 -0.02634265 0.1543737 0.9876613 -0.02634265 0.01956611 0.06523059 0.9976784 0.01956611 0.06523059 0.9976784 0.01956611 0.06523059 0.9976784 0.03596507 0.07222439 0.9967398 0.03596507 0.07222439 0.9967398 0.03596507 0.07222439 0.9967398 0.9975829 -0.06908149 0.007499593 0.9975829 -0.06908149 0.007499593 0.9975829 -0.06908149 0.007499593 0.999338 0.03619596 -0.003666232 0.999338 0.03619596 -0.003666232 0.999338 0.03619596 -0.003666232 -0.09394994 0.09320977 0.991204 -0.09394994 0.09320977 0.991204 -0.09394994 0.09320977 0.991204 -0.09081268 0.06599296 0.993679 -0.09081268 0.06599296 0.993679 -0.09081268 0.06599296 0.993679 -0.06691614 -0.06716253 0.9954956 -0.06691614 -0.06716253 0.9954956 -0.06691614 -0.06716253 0.9954956 -0.06588666 -0.07878755 0.9947118 -0.06588666 -0.07878755 0.9947118 -0.06588666 -0.07878755 0.9947118 0.9962054 0.007850997 -0.08667785 0.9962054 0.007850997 -0.08667785 0.9962054 0.007850997 -0.08667785 0.0157887 0.9921985 -0.1236641 0.0157887 0.9921985 -0.1236641 0.0157887 0.9921985 -0.1236641 0.9995131 -0.001538346 -0.03116273 0.9996995 -0.0006048325 -0.02450437 0.9996995 -0.0006048325 -0.02450437 -0.0001912066 0.9999138 -0.01313305 3.080154E-05 0.9999878 0.004947936 0.9999983 6.307459E-05 -0.00183945 0.9999744 0.0001636152 -0.007163106 0.9999592 0.0005295012 -0.009022489 0.9951312 -0.01167271 0.09786526 0.9951312 -0.01167271 0.09786526 0.9951312 -0.01167271 0.09786526 0.996293 -0.009075709 -0.08554424 0.996293 -0.009075709 -0.08554424 0.996293 -0.009075709 -0.08554424 1 0 0 1 0 0 1 0 0 1 0 0 1 0 0 1 0 0 1 0 0 1 0 0 1 0 0 1 0 0 1 0 0 1 0 0 1 0 0 1 0 0 1 0 0 1 0 0 1 0 0 1 0 0 1 0 0 1 0 0 1 0 0 1 0 0 1 0 0 1 0 0 1 0 0 1 0 0 1 0 0 1 0 0 1 0 0 1 0 0 1 0 0 1 0 0 1 0 0 1 0 0 1 0 0 1 0 0 -0.04699982 -0.0350771 0.9982788 -0.04810349 -0.03761861 0.9981337 -0.04810349 -0.03761861 0.9981337 -0.049091 -0.04020746 0.9979847 0.9999989 0.00149364 -9.587393E-05 0.9999986 0.001657016 -0.0001063805 0.9999986 0.001657016 -0.0001063805 0.9999983 0.001820393 -0.000116891 -0.004812741 0.004978434 0.999976 -0.005387332 0.005469571 0.9999706 -0.005387332 0.005469571 0.9999706 -0.005971002 0.005949877 0.9999645 -0.002163722 0.9999976 0.0002531162 -0.001949367 0.9999981 0.0002279878 -0.001949367 0.9999981 0.0002279878 -0.00173501 0.9999985 0.0002028708 -0.03542398 -0.02870211 0.9989601 -0.02179059 -0.01688787 0.99962 -0.02179059 -0.01688787 0.99962 -0.007651434 -0.00566945 0.9999547 0.002736939 0.007880567 0.9999652 0.006598611 0.01788827 0.9998182 0.006598611 0.01788827 0.9998182 0.01083956 0.02773885 0.9995565 0.9992399 -0.03895101 0.001589905 0.9994824 -0.0321537 0.001078913 0.9994824 -0.0321537 0.001078913 0.9996784 -0.02534818 0.0006666154 -0.0287654 0.02824697 0.9991871 -0.02473853 0.02406133 0.9994043 -0.02473853 0.02406133 0.9994043 -0.02067093 0.01991364 0.999588 -0.01090408 0.9999405 -0.0002208232 -0.01085638 0.9999411 -0.0002193923 -0.01085638 0.9999411 -0.0002193923 -0.01080867 0.9999416 -0.0002179655 -0.001439987 -0.001567167 0.9999977 -0.008350624 -0.009257294 0.9999223 -0.008350624 -0.009257294 0.9999223 -0.015118 -0.01707203 0.9997399 0.9999999 -0.0004349567 -2.740379E-06 0.9999987 0.001593439 1.400559E-05 0.9999987 0.001593439 1.400559E-05 0.9999934 0.003621719 4.084886E-05 -0.01077579 0.01099107 0.9998816 -0.01496029 0.0154548 0.9997686 -0.01496029 0.0154548 0.9997686 -0.01908702 0.01997091 0.9996184 -0.04552777 0.008069441 0.9989305 -0.0413717 0.006950075 0.9991196 -0.04039579 0.00626444 0.9991641 -0.03915065 0.005524478 0.999218 -0.04012296 0.005308629 0.9991807 -0.04185027 0.005659153 0.9991079 0.9999983 0.001820782 0.0001137325 0.9999986 0.001682323 0.0001050662 0.9999986 0.001682323 0.0001050662 0.9999988 0.001543863 9.640291E-05 0.007281618 -0.007255857 0.9999472 0.007287286 -0.007260261 0.9999471 0.007287286 -0.007260261 0.9999471 0.007292955 -0.007264664 0.999947 0.05006556 0.03744309 0.9980438 0.0500429 0.03738718 0.9980471 0.0500429 0.03738718 0.9980471 0.0500202 0.03733129 0.9980503 -0.001736534 0.9999985 -0.0001965368 -0.001934169 0.9999981 -0.000218953 -0.001934169 0.9999981 -0.000218953 -0.002131803 0.9999977 -0.0002413789 -0.0162748 0.9933574 0.1139135 -0.016 0.9935174 0.1125489 -0.016 0.9935174 0.1125489 -0.01572707 0.9936755 0.1111836 -0.01351239 0.99496 -0.09935867 -0.01429876 0.9945415 -0.1033574 -0.01429876 0.9945415 -0.1033574 -0.01510352 0.9941065 -0.1073507 0.9996219 -0.003517504 0.02727178 0.9979737 -0.009238773 0.06295247 0.9989335 -0.006062436 0.04577299 0.9998121 -0.002310789 0.01924255 0.9999611 -0.001098139 0.008748651 0.9999713 -0.0009691028 0.007507795 0.9990172 -0.006556211 -0.0438365 0.9990274 -0.006556542 -0.04360287 0.9994541 -0.004991085 -0.03265909 0.9998174 -0.003080048 -0.01885662 0.9999774 -0.001123 -0.006627973 0.9999968 -0.0004506652 -0.002487415 0.9998479 -0.0003094323 0.01743677 -0.0003571305 0.9998851 0.01515629 0.9997616 -0.0007740719 0.02181886 0.0002042118 0.9999804 -0.006251652 0.0003988719 0.9999558 -0.009387976 0.001414071 0.9995855 -0.0287536 1 3.122853E-05 -0.0002177737 0.9999977 -0.0003199313 0.002126983 0.9999977 -0.0003199313 0.002126983 0.9999898 -0.0007032644 0.004466684 1 2.886856E-05 0.0002060668 0.9999967 0.0003770704 0.002563378 0.9999967 0.0003770704 0.002563378 0.9999877 0.0007575987 0.004915672 0.008169297 0.9959394 0.08965393 0.9956753 0.009053028 -0.0924588 0.9956753 0.009053028 -0.0924588 0.995437 0.009971424 -0.09489831 0.9936022 0.01327873 0.1121532 0.9937559 0.01267806 0.110853 0.9937559 0.01267806 0.110853 0.01208624 0.9940407 -0.1083371 0.004647964 0.9993747 0.03505021 0.005190772 0.999245 0.03850162 0.003511496 0.9996903 0.0246352 0.003512986 0.9996436 0.02646446 0.002171519 0.9998963 0.01423995 0.001219244 0.9999735 0.007172497 0.007385353 0.9993132 -0.03631008 0.004322995 0.999734 -0.02265621 0.006917698 0.9993756 -0.0346482 0.008657163 0.9991165 -0.04112452 0.007864897 0.999248 -0.03796829 0.008128385 0.9991555 -0.04027632 1 0 0 1 0 0 1 0 0 1 0 0 1 0 0 1 0 0 1 0 0 1 0 0 1 0 0 1 0 0 1 0 0 1 0 0 1 0 0 1 0 0 1 0 0 1 0 0 1 0 0 1 0 0  
	<BiTangents>: 276 -0.5948032 0.8038714 3.088951E-10 -0.5948032 0.8038714 3.088951E-10 -0.5948032 0.8038714 3.088951E-10 0.9713773 -0.2375419 5.602363E-11 0.9713773 -0.2375419 5.602363E-11 0.9713773 -0.2375419 5.602363E-11 0.8951424 -0.4457804 -2.00122E-09 0.8951424 -0.4457804 -2.00122E-09 0.8951424 -0.4457804 -2.00122E-09 -3.327454E-10 -0.1136912 0.9935161 -3.327454E-10 -0.1136912 0.9935161 -3.327454E-10 -0.1136912 0.9935161 8.831519E-12 -0.1059994 0.9943662 8.831519E-12 -0.1059994 0.9943662 8.831519E-12 -0.1059994 0.9943662 0.7183369 0.6956955 2.579289E-09 0.7183369 0.6956955 2.579289E-09 0.7183369 0.6956955 2.579289E-09 0.5878651 0.8089589 2.021991E-09 0.5878651 0.8089589 2.021991E-09 0.5878651 0.8089589 2.021991E-09 0.7738679 -0.6333471 2.739116E-09 0.7738679 -0.6333471 2.739116E-09 0.7738679 -0.6333471 2.739116E-09 0.708405 -0.7058061 -1.137135E-10 0.708405 -0.7058061 -1.137135E-10 0.708405 -0.7058061 -1.137135E-10 0.2272776 0.97383 1.039368E-10 0.2272776 0.97383 1.039368E-10 0.2272776 0.97383 1.039368E-10 -0.06335341 0.9979912 -1.941634E-11 -0.06335341 0.9979912 -1.941634E-11 -0.06335341 0.9979912 -1.941634E-11 0.1728902 0.9849411 -1.305662E-10 0.1728902 0.9849411 -1.305662E-10 0.1728902 0.9849411 -1.305662E-10 0.6679575 0.7441994 3.513712E-09 0.6679575 0.7441994 3.513712E-09 0.6679575 0.7441994 3.513712E-09 -0.06293988 0.9980174 4.145671E-11 -0.06293988 0.9980174 4.145671E-11 -0.06293988 0.9980174 4.145671E-11 0.2393789 0.9709262 -2.454516E-12 0.2393789 0.9709262 -2.454516E-12 0.2393789 0.9709262 -2.454516E-12 -0.5927202 0.8054084 -7.007042E-10 -0.5927202 0.8054084 -7.007042E-10 -0.5927202 0.8054084 -7.007042E-10 0.6679576 0.7441994 1.764256E-09 0.6679576 0.7441994 1.764256E-09 0.6679576 0.7441994 1.764256E-09 0.1682106 3.901144E-10 0.9857511 0.1682106 3.901144E-10 0.9857511 0.1682106 3.901144E-10 0.9857511 0.9578387 -0.2873066 1.713111E-09 0.9578387 -0.2873066 1.713111E-09 0.9578387 -0.2873066 1.713111E-09 0.8951554 -0.4457543 3.18799E-09 0.8951554 -0.4457543 3.18799E-09 0.8951554 -0.4457543 3.18799E-09 -3.440098E-10 0.1079274 0.9941588 -3.440098E-10 0.1079274 0.9941588 -3.440098E-10 0.1079274 0.9941588 3.817487E-10 0.1007728 0.9949095 3.817487E-10 0.1007728 0.9949095 3.817487E-10 0.1007728 0.9949095 0.7043049 0.7098976 3.938449E-09 0.7043049 0.7098976 3.938449E-09 0.7043049 0.7098976 3.938449E-09 0.5878651 0.808959 1.617245E-09 0.5878651 0.808959 1.617245E-09 0.5878651 0.808959 1.617245E-09 0.708405 -0.7058061 4.649251E-09 0.708405 -0.7058061 4.649251E-09 0.708405 -0.7058061 4.649251E-09 0.767117 -0.6415072 4.43511E-10 0.767117 -0.6415072 4.43511E-10 0.767117 -0.6415072 4.43511E-10 -2.843304E-10 0.995923 0.09020746 -2.843304E-10 0.995923 0.09020746 -2.843304E-10 0.995923 0.09020746 0.991948 7.158872E-10 0.126646 0.991948 7.158872E-10 0.126646 0.991948 7.158872E-10 0.126646 1.788002E-11 0.9987838 -0.0493049 1.566455E-11 0.9996955 -0.02467512 1.566455E-11 0.9996955 -0.02467512 0.999894 2.748419E-12 -0.01455765 0.9999806 -1.971212E-12 -0.006225008 5.153326E-13 0.9994126 0.03426977 -2.295039E-13 0.9997393 0.02283543 1.565996E-11 0.9982823 0.05858602 2.932825E-10 0.9929619 0.1184338 2.932825E-10 0.9929619 0.1184338 2.932825E-10 0.9929619 0.1184338 6.182742E-10 0.9944192 -0.1055017 6.182742E-10 0.9944192 -0.1055017 6.182742E-10 0.9944192 -0.1055017 0 1 0 0 1 0 0 1 0 0 1 0 0 1 0 0 1 0 0 1 0 0 1 0 0 1 0 0 1 0 0 1 0 0 1 0 0 1 0 0 1 0 0 1 0 0 1 0 0 1 0 0 1 0 0 1 0 0 1 0 0 1 0 0 1 0 0 1 0 0 1 0 0 1 0 0 1 0 0 1 0 0 1 0 0 1 0 0 1 0 0 1 0 0 1 0 0 1 0 0 1 0 0 1 0 0 1 0 -0.5981131 0.8014117 -2.886537E-09 -0.6160281 0.7877243 -1.584856E-09 -0.6160281 0.7877243 -1.584856E-09 -0.6336351 0.7736321 8.107187E-10 6.159049E-12 0.0640563 0.9979463 -4.038601E-12 0.06406815 0.9979455 -4.038601E-12 0.06406815 0.9979455 4.135226E-12 0.06408 0.9979448 0.7189701 0.6950411 2.094571E-10 0.7124425 0.7017305 -2.909485E-10 0.7124425 0.7017305 -2.909485E-10 0.7058526 0.7083588 -1.113941E-10 0.1161895 -1.487082E-11 0.9932271 0.116163 5.615885E-12 0.9932302 0.116163 5.615885E-12 0.9932302 0.1161365 1.271773E-12 0.9932333 -0.6295367 0.7769708 7.079745E-10 -0.6125753 0.7904122 3.790875E-10 -0.6125753 0.7904122 3.790875E-10 -0.5953442 0.8034708 2.010767E-10 0.9446502 -0.3280792 9.541781E-11 0.9382036 -0.3460838 3.440388E-10 0.9382036 -0.3460838 3.440388E-10 0.931411 -0.3639692 1.244684E-10 1.286912E-10 0.04078412 0.999168 -1.798617E-12 0.03353598 0.9994375 -1.798617E-12 0.03353598 0.9994375 -1.662671E-11 0.02628926 0.9996544 0.700648 0.7135072 -1.053935E-10 0.6972272 0.7168503 2.455711E-10 0.6972272 0.7168503 2.455711E-10 0.6937918 0.7201757 7.673682E-10 -0.02024728 1.861207E-11 0.999795 -0.02020448 1.463424E-11 0.9997959 -0.02020448 1.463424E-11 0.9997959 -0.02016169 -3.950898E-12 0.9997967 0.7363538 -0.6765966 7.081862E-11 0.7425335 -0.6698089 -4.630177E-10 0.7425335 -0.6698089 -4.630177E-10 0.7486522 -0.662963 7.497558E-11 3.182223E-14 -0.006300223 0.9999802 6.165879E-13 -0.0087892 0.9999614 6.165879E-13 -0.0087892 0.9999614 -2.841494E-13 -0.01127814 0.9999363 0.7140651 0.7000793 3.382192E-10 0.7185084 0.6955183 2.070288E-10 0.7185084 0.6955183 2.070288E-10 0.7229238 0.6909278 1.519668E-10 0.1745221 0.9846533 4.786708E-10 0.1656696 0.9861813 -3.196651E-10 0.1532449 0.9881883 -7.525497E-11 0.139724 0.9901905 -1.027941E-10 0.1311659 0.9913604 2.258709E-10 0.1340042 0.9909808 3.784013E-10 3.20685E-12 -0.06234202 0.9980549 4.299598E-12 -0.06233165 0.9980555 4.299598E-12 -0.06233165 0.9980555 1.099628E-12 -0.06232127 0.9980562 0.7058527 0.7083587 3.958756E-11 0.705792 0.7084191 4.159667E-11 0.705792 0.7084191 4.159667E-11 0.7057313 0.7084796 5.160769E-11 -0.5989136 0.8008137 -1.642937E-09 -0.5985134 0.8011128 -2.279128E-10 -0.5985134 0.8011128 -2.279128E-10 -0.5981131 0.8014116 7.631606E-11 -0.1124597 1.358038E-12 0.9936563 -0.1124842 5.568635E-12 0.9936535 -0.1124842 5.568635E-12 0.9936535 -0.1125087 1.153281E-11 0.9936508 0.9899477 1.903345E-10 0.1414337 0.9900458 1.47171E-09 0.1407453 0.9900458 1.47171E-09 0.1407453 0.9901435 2.462985E-10 0.1400571 0.9908789 -4.732309E-10 -0.1347557 0.9905658 4.352009E-10 -0.1370378 0.9905658 4.352009E-10 -0.1370378 0.9902472 8.55146E-10 -0.1393212 1.422573E-10 0.9917845 0.12792 -2.217099E-10 0.989402 0.1452026 1.672196E-10 0.9913428 0.1312991 -4.319379E-12 0.9928666 0.1192308 7.580755E-11 0.9922141 0.1245437 -8.063981E-12 0.9917719 0.1280175 -3.517508E-11 0.989 -0.1479154 5.507413E-10 0.9888827 -0.1486978 -6.051955E-10 0.9885231 -0.1510698 -7.283806E-11 0.9869211 -0.1612041 1.416746E-11 0.985948 -0.1670526 1.906079E-11 0.9839805 -0.1782758 -1.487713E-11 0.9998425 0.01774317 0.9997225 -1.906114E-13 0.02355665 6.054256E-11 0.9993713 0.03545488 0.999467 -9.59244E-12 0.03264785 0.9990986 3.34233E-12 0.04244923 0.9987929 5.584643E-11 0.04911957 -7.057896E-13 0.9898743 0.1419469 1.966951E-11 0.988876 0.1487423 1.966951E-11 0.988876 0.1487423 -8.997265E-12 0.9878311 0.1555307 -9.305534E-14 0.9903291 -0.1387384 -1.582996E-11 0.9893534 -0.1455329 -1.582996E-11 0.9893534 -0.1455329 2.674235E-11 0.9883311 -0.1523207 0.9958742 -1.659333E-10 -0.0907444 9.612006E-11 0.9952406 0.09744818 9.612006E-11 0.9952406 0.09744818 -5.408173E-10 0.994525 0.1044995 3.229347E-10 0.9930638 -0.1175769 5.085212E-10 0.9935234 -0.1136274 5.085212E-10 0.9935234 -0.1136274 0.9938345 1.510844E-10 0.1108736 0.9913217 -6.543205E-10 -0.1314579 0.9910339 -1.988805E-10 -0.1336108 0.9899935 -1.924355E-10 -0.1411134 0.9913043 -4.097237E-11 -0.1315892 0.9885716 -3.191002E-11 -0.1507521 0.9858577 -2.342585E-11 -0.1675848 0.9799353 -2.760068E-10 0.1993157 0.9822785 -3.312212E-11 0.187427 0.9806456 3.080719E-10 0.1957911 0.9785528 3.863206E-10 0.2059961 0.9792123 9.308286E-11 0.2028378 0.9802369 7.035444E-10 0.197827 0 1 0 0 1 0 0 1 0 0 1 0 0 1 0 0 1 0 0 1 0 0 1 0 0 1 0 0 1 0 0 1 0 0 1 0 0 1 0 0 1 0 0 1 0 0 1 0 0 1 0 0 1 0  
	<SubMeshes>: 1
		<SubMesh>: 0 456 0 1 2 3 4 5 6 7 8 9 10 11 12 13 14 15 16 17 18 19 20 21 22 23 24 25 26 27 28 29 30 31 32 33 34 35 36 37 38 39 40 41 42 43 44 45 46 47 48 49 50 51 52 53 54 55 56 57 58 59 60 61 62 63 64 65 66 67 68 69 70 71 72 73 74 75 76 77 78 79 80 81 82 83 84 85 86 86 87 88 87 89 90 90 89 91 92 93 94 95 96 97 98 99 100 99 101 100 101 102 100 102 103 100 104 103 102 105 104 102 105 106 104 106 107 104 108 107 106 109 108 106 110 108 109 111 110 109 112 110 111 113 112 111 114 112 113 100 114 115 115 114 113 116 117 118 117 119 118 117 120 119 117 121 120 120 121 122 123 120 122 123 122 124 122 125 124 124 125 126 127 124 126 127 126 128 126 129 128 128 129 130 129 131 130 130 131 132 133 132 117 133 130 132 134 135 136 135 137 136 138 139 140 139 141 140 142 143 144 143 145 144 146 147 148 147 149 148 150 151 152 151 153 152 154 155 156 155 157 156 158 159 160 159 161 160 162 163 164 163 165 164 166 167 168 167 169 168 170 171 172 171 173 172 174 175 176 175 177 176 178 179 180 179 181 180 182 183 184 183 185 184 184 185 186 185 187 186 188 189 190 189 191 190 192 193 194 193 195 194 196 197 198 197 199 198 200 201 202 201 203 202 204 205 206 205 207 206 208 209 210 209 211 210 212 213 214 215 212 214 215 216 212 216 217 212 218 219 220 219 221 220 220 221 222 221 223 222 224 225 226 224 227 225 227 228 225 229 228 227 230 231 232 231 233 232 234 235 236 235 237 236 238 239 240 239 241 240 242 243 244 243 245 244 246 247 248 249 246 248 249 248 250 248 251 250 252 253 254 255 252 254 255 256 252 256 257 252 258 259 260 261 259 258 260 259 262 263 259 261 262 259 264 265 259 263 264 259 266 266 259 265 267 268 269 270 268 267 269 268 271 272 268 270 271 268 273 274 268 272 273 268 275 275 268 274  
</Mesh>
