<Mesh>: 222 SM_Item_Compass_01
	<Bounds>: -2.384186E-05 1.492542 -9.059906E-06 8.818722 1.492542 6.075349
	<Positions>: 222 -0.9440184 2.292883 -2.451903 2.430726 2.292883 -2.872778E-08 1.141691 2.292883 -3.967243 3.719754 2.292883 -3.967243 5.805433 2.292883 -2.451891 6.602127 2.292883 1.019442E-08 5.805433 2.292883 2.451891 3.719747 2.292883 3.967243 1.141691 2.292883 3.967243 -0.9440184 2.292883 2.451891 -1.740688 2.292883 -2.872778E-08 1.141691 2.292883 -3.967243 2.430726 2.292883 -2.872778E-08 3.719754 2.292883 -3.967243 5.805433 2.292883 -2.451891 2.430726 2.292883 -2.872778E-08 6.602127 2.292883 1.019442E-08 5.805433 2.292883 2.451891 3.719747 2.292883 3.967243 1.141691 2.292883 3.967243 -0.9440184 2.292883 2.451891 -1.740688 2.292883 -2.872778E-08 -0.9440184 2.292883 -2.451903 -2.737278 0 -3.754777 -2.737278 2.985084 -3.754777 0.4567146 0 -6.075358 0.4567146 2.985084 -6.075358 0.4567146 0 -6.075358 0.4567146 2.985084 -6.075358 4.40473 0 -6.07534 4.40473 2.985084 -6.07534 4.40473 0 -6.07534 4.40473 2.985084 -6.07534 7.598734 0 -3.754771 7.598734 2.985084 -3.754771 7.598734 0 -3.754771 7.598734 2.985084 -3.754771 8.818698 0 5.960459E-08 8.818698 2.985084 5.960459E-08 8.818698 0 5.960459E-08 8.818698 2.985084 5.960459E-08 7.598752 0 3.754795 7.598752 2.985084 3.754795 7.598752 0 3.754795 7.598752 2.985084 3.754795 4.404715 0 6.07534 4.404715 2.985084 6.07534 4.404715 0 6.07534 4.404715 2.985084 6.07534 0.4567146 0 6.07534 0.4567146 2.985084 6.07534 0.4567146 0 6.07534 0.4567146 2.985084 6.07534 -2.737278 0 3.754771 -2.737278 2.985084 3.754771 -7.730055 0.6375611 5.153584 -7.730055 2.347517 5.153584 -8.818746 0.6375611 1.803043 -8.818746 2.347517 1.803043 -3.957295 0 0 -3.957295 2.985084 0 -2.737278 0 -3.754777 -2.737278 2.985084 -3.754777 -1.613492 2.985084 -2.938292 -0.9440184 2.292883 -2.451903 0.8859694 2.985084 -4.754281 1.141691 2.292883 -3.967243 0.8859694 2.985084 -4.754281 1.141691 2.292883 -3.967243 3.975484 2.985084 -4.754251 3.719754 2.292883 -3.967243 3.975484 2.985084 -4.754251 3.719754 2.292883 -3.967243 6.474942 2.985084 -2.938286 5.805433 2.292883 -2.451891 6.474942 2.985084 -2.938286 5.805433 2.292883 -2.451891 7.429659 2.985084 2.404104E-08 6.602127 2.292883 1.019442E-08 7.429659 2.985084 2.404104E-08 6.602127 2.292883 1.019442E-08 6.474918 2.985084 2.9383 5.805433 2.292883 2.451891 6.474918 2.985084 2.9383 5.805433 2.292883 2.451891 3.975493 2.985084 4.754281 3.719747 2.292883 3.967243 3.975493 2.985084 4.754281 3.719747 2.292883 3.967243 0.8859694 2.985084 4.754281 1.141691 2.292883 3.967243 0.8859694 2.985084 4.754281 1.141691 2.292883 3.967243 -1.613492 2.985084 2.938286 -0.9440184 2.292883 2.451891 -1.613492 2.985084 2.938286 -0.9440184 2.292883 2.451891 -2.568209 2.985084 -2.260236E-08 -1.740688 2.292883 -2.872778E-08 -2.568209 2.985084 -2.260236E-08 -1.740688 2.292883 -2.872778E-08 -1.613492 2.985084 -2.938292 -0.9440184 2.292883 -2.451903 -2.737278 0 3.754771 -3.215605 1.062387 2.76643 -3.957295 0 0 -3.763288 1.062387 1.080711 -3.957295 0 0 -3.763288 1.062387 1.080711 -3.957295 2.985084 0 -3.763288 1.922703 1.080711 -3.957295 2.985084 0 -3.763288 1.922703 1.080711 -2.737278 2.985084 3.754771 -3.215605 1.922703 2.76643 -2.737278 2.985084 3.754771 -3.215605 1.922703 2.76643 -2.737278 0 3.754771 -3.215605 1.062387 2.76643 -3.215605 1.062387 2.76643 -4.206157 1.062387 3.088313 -3.763288 1.062387 1.080711 -4.753911 1.062387 1.402578 -3.763288 1.062387 1.080711 -4.753911 1.062387 1.402578 -3.763288 1.922703 1.080711 -4.753911 1.922703 1.402578 -3.763288 1.922703 1.080711 -4.753911 1.922703 1.402578 -3.215605 1.922703 2.76643 -4.206157 1.922703 3.088313 -3.215605 1.922703 2.76643 -4.206157 1.922703 3.088313 -3.215605 1.062387 2.76643 -4.206157 1.062387 3.088313 -4.206157 1.062387 3.088313 -4.077852 0.6375611 3.966916 -4.753911 1.062387 1.402578 -5.166554 0.6375611 0.6163716 -4.753911 1.062387 1.402578 -5.166554 0.6375611 0.6163716 -4.753911 1.922703 1.402578 -5.166554 2.347517 0.6163716 -4.753911 1.922703 1.402578 -5.166554 2.347517 0.6163716 -4.206157 1.922703 3.088313 -4.077852 2.347517 3.966916 -4.206157 1.922703 3.088313 -4.077852 2.347517 3.966916 -4.206157 1.062387 3.088313 -4.077852 0.6375611 3.966916 -5.166554 0.6375611 0.6163716 -8.818746 0.6375611 1.803043 -5.166554 2.347517 0.6163716 -8.818746 2.347517 1.803043 -4.077852 2.347517 3.966916 -7.730055 2.347517 5.153584 -4.077852 0.6375611 3.966916 -7.730055 0.6375611 5.153584 -7.887197 0.6375611 2.228221 -7.887197 2.347517 2.228221 -7.226384 0.6375611 4.262072 -7.226384 2.347517 4.262072 -7.226384 0.6375611 4.262072 -7.226384 2.347517 4.262072 -5.009437 0.6375611 3.541738 -5.009425 2.347517 3.541738 -5.670273 0.6375611 1.507895 -5.009437 0.6375611 3.541738 -5.670273 2.347517 1.507889 -5.009425 2.347517 3.541738 -7.887197 0.6375611 2.228221 -5.670273 0.6375611 1.507895 -7.887197 2.347517 2.228221 -5.670273 2.347517 1.507889 -3.957295 0 0 2.430725 0 0 -2.737278 0 3.754771 -2.737278 0 -3.754777 0.4567146 0 6.07534 0.4567146 0 -6.075358 4.404715 0 6.07534 4.40473 0 -6.07534 7.598752 0 3.754795 7.598734 0 -3.754771 8.818698 0 5.960459E-08 -7.730055 2.347517 5.153584 -7.226384 2.347517 4.262072 -8.818746 2.347517 1.803043 -5.009425 2.347517 3.541738 -7.887197 2.347517 2.228221 -4.077852 2.347517 3.966916 -5.166554 2.347517 0.6163716 -5.670273 2.347517 1.507889 -8.818746 0.6375611 1.803043 -7.887197 0.6375611 2.228221 -7.730055 0.6375611 5.153584 -5.670273 0.6375611 1.507895 -7.226384 0.6375611 4.262072 -5.166554 0.6375611 0.6163716 -4.077852 0.6375611 3.966916 -5.009437 0.6375611 3.541738 -2.737278 2.985084 3.754771 -1.613492 2.985084 2.938286 -3.957295 2.985084 0 0.8859694 2.985084 4.754281 -2.568209 2.985084 -2.260236E-08 0.4567146 2.985084 6.07534 -2.737278 2.985084 -3.754777 3.975493 2.985084 4.754281 -1.613492 2.985084 -2.938292 4.404715 2.985084 6.07534 0.4567146 2.985084 -6.075358 6.474918 2.985084 2.9383 0.8859694 2.985084 -4.754281 7.598752 2.985084 3.754795 4.40473 2.985084 -6.07534 7.429659 2.985084 2.404104E-08 3.975484 2.985084 -4.754251 8.818698 2.985084 5.960459E-08 7.598734 2.985084 -3.754771 6.474942 2.985084 -2.938286  
	<Colors>: 0  
	<TextureCoords0>: 222 0.3611459 0.788895 0.3611459 0.788895 0.3611459 0.788895 0.3611459 0.788895 0.3611459 0.788895 0.3611459 0.788895 0.3611459 0.788895 0.3611459 0.788895 0.3611459 0.788895 0.3611459 0.788895 0.3611459 0.788895 0.4064469 0.7450427 0.4064468 0.7450427 0.4064468 0.7450427 0.3648855 0.8337601 0.3648855 0.8337601 0.3648855 0.8337601 0.3648855 0.8337601 0.3648856 0.8337601 0.3648856 0.8337601 0.3648855 0.8337601 0.3648855 0.8337601 0.3648855 0.8337601 0.3983901 0.7167548 0.3983901 0.7167549 0.3983901 0.7167548 0.3983901 0.7167549 0.3983901 0.7167548 0.3983901 0.7167549 0.39839 0.7167548 0.39839 0.7167549 0.39839 0.7167548 0.39839 0.7167549 0.3983901 0.7167548 0.3983901 0.7167549 0.3983901 0.7167548 0.3983901 0.7167549 0.3983901 0.7167548 0.3983901 0.7167549 0.3983901 0.7167548 0.3983901 0.7167549 0.3983901 0.7167548 0.3983901 0.7167549 0.3983901 0.7167548 0.3983901 0.7167549 0.3983901 0.7167548 0.3983901 0.7167549 0.3983901 0.7167548 0.3983901 0.7167549 0.3983901 0.7167548 0.3983901 0.7167549 0.3983901 0.7167548 0.3983901 0.7167549 0.3983901 0.7167548 0.3983901 0.7167549 0.3983901 0.7167548 0.3983901 0.7167549 0.3983901 0.7167548 0.3983901 0.7167549 0.3983901 0.7167548 0.3983901 0.7167549 0.3983901 0.7167548 0.3983901 0.7167549 0.3983901 0.7167549 0.3983901 0.7167549 0.3983901 0.7167549 0.3983901 0.7167549 0.3983901 0.7167549 0.3983901 0.7167549 0.3983901 0.7167549 0.3983901 0.7167549 0.3983901 0.7167549 0.3983901 0.7167549 0.3983901 0.7167549 0.3983901 0.7167549 0.3983901 0.7167549 0.3983901 0.7167549 0.3983901 0.7167549 0.3983901 0.7167549 0.3983901 0.7167549 0.3983901 0.7167549 0.3983901 0.7167549 0.3983901 0.7167549 0.3983901 0.7167549 0.3983901 0.7167549 0.3983901 0.7167549 0.3983901 0.7167549 0.3983901 0.7167549 0.3983901 0.7167549 0.39839 0.7167549 0.39839 0.7167549 0.39839 0.7167549 0.39839 0.7167549 0.3983901 0.7167549 0.3983901 0.7167549 0.3983901 0.7167549 0.3983901 0.7167549 0.3983901 0.7167549 0.3983901 0.7167549 0.3983901 0.7167549 0.3983901 0.7167549 0.3983901 0.7167549 0.3983901 0.7167549 0.3983901 0.7167548 0.3983901 0.7167548 0.3983901 0.7167548 0.3983901 0.7167548 0.3983901 0.7167548 0.3983901 0.7167548 0.3983901 0.7167549 0.3983901 0.7167549 0.3983901 0.7167549 0.3983901 0.7167549 0.3983901 0.7167549 0.3983901 0.7167549 0.3983901 0.7167549 0.3983901 0.7167549 0.3983901 0.7167548 0.3983901 0.7167548 0.3983901 0.7167548 0.3983901 0.7167548 0.3983901 0.7167548 0.3983901 0.7167548 0.3983901 0.7167548 0.3983901 0.7167548 0.3983901 0.7167549 0.3983901 0.7167549 0.3983901 0.7167549 0.3983901 0.7167549 0.3983901 0.7167549 0.3983901 0.7167549 0.3983901 0.7167549 0.3983901 0.7167549 0.3983901 0.7167548 0.3983901 0.7167548 0.3983901 0.7167548 0.3983901 0.7167548 0.3983901 0.7167548 0.3983901 0.7167548 0.3983901 0.7167548 0.3983901 0.7167548 0.3983901 0.7167549 0.3983901 0.7167549 0.3983901 0.7167549 0.3983901 0.7167549 0.3983901 0.7167549 0.3983901 0.7167549 0.3983901 0.7167549 0.3983901 0.7167549 0.3983901 0.7167548 0.3983901 0.7167548 0.3983901 0.7167548 0.3983901 0.7167548 0.3983901 0.7167549 0.3983901 0.7167549 0.3983901 0.7167549 0.3983901 0.7167549 0.3983901 0.7167548 0.3983901 0.7167548 0.3983901 0.7167548 0.3983901 0.7167549 0.3983901 0.7167548 0.3983901 0.7167549 0.3983901 0.7167548 0.3983901 0.7167549 0.3983901 0.7167548 0.3983901 0.7167549 0.3983901 0.7167548 0.3983901 0.7167548 0.3983901 0.7167549 0.3983901 0.7167549 0.3983901 0.7167548 0.3983901 0.7167548 0.3983901 0.7167549 0.3983901 0.7167549 0.3983901 0.7167549 0.3983901 0.7167548 0.3983901 0.7167549 0.3983901 0.7167548 0.3983901 0.7167548 0.39839 0.7167549 0.3983901 0.7167548 0.3983901 0.7167549 0.3983901 0.7167548 0.3983901 0.7167549 0.3983901 0.7167549 0.3983901 0.7167549 0.3983901 0.7167549 0.3983901 0.7167549 0.3983901 0.7167549 0.3983901 0.7167549 0.3983901 0.7167549 0.3983901 0.7167549 0.3983901 0.7167549 0.3983901 0.7167548 0.3983901 0.7167548 0.3983901 0.7167548 0.3983901 0.7167548 0.3983901 0.7167548 0.3983901 0.7167548 0.3983901 0.7167548 0.3983901 0.7167548 0.3983901 0.7167549 0.3983901 0.7167549 0.3983901 0.7167549 0.39839 0.7167549 0.3983901 0.7167549 0.39839 0.7167549 0.3983901 0.7167549 0.3983901 0.7167549 0.3983901 0.7167549 0.3983901 0.7167549 0.3983901 0.7167549 0.3983901 0.7167549 0.3983901 0.7167549 0.3983901 0.7167549 0.3983901 0.7167549 0.3983901 0.7167549 0.3983901 0.7167549 0.3983901 0.7167549 0.3983901 0.7167549 0.3983901 0.7167549  
	<TextureCoords1>: 0  
	<Normals>: 222 0 1 0 0 1 0 0 1 0 0 1 0 0 1 0 0 1 0 0 1 0 0 1 0 0 1 0 0 1 0 0 1 0 0 1 0 0 1 0 0 1 0 0 1 0 0 1 0 0 1 0 0 1 0 0 1 0 0 1 0 0 1 0 0 1 0 0 1 0 -0.587787 0 -0.8090158 -0.587787 0 -0.8090158 -0.587787 0 -0.8090158 -0.587787 0 -0.8090158 0 0 -1 0 0 -1 0 0 -1 0 0 -1 0.5877835 0 -0.8090182 0.5877835 0 -0.8090182 0.5877835 0 -0.8090182 0.5877835 0 -0.8090182 0.9510592 0 -0.309009 0.9510592 0 -0.309009 0.9510592 0 -0.309009 0.9510592 0 -0.309009 0.951061 0 0.3090032 0.951061 0 0.3090032 0.951061 0 0.3090032 0.951061 0 0.3090032 0.5877756 0 0.8090239 0.5877756 0 0.8090239 0.5877756 0 0.8090239 0.5877756 0 0.8090239 0 0 1 0 0 1 0 0 1 0 0 1 -0.5877849 0 0.8090172 -0.5877849 0 0.8090172 -0.5877849 0 0.8090172 -0.5877849 0 0.8090172 -0.9510537 0 0.3090257 -0.9510537 0 0.3090257 -0.9510537 0 0.3090257 -0.9510537 0 0.3090257 -0.9510553 0 -0.3090208 -0.9510553 0 -0.3090208 -0.9510553 0 -0.3090208 -0.9510553 0 -0.3090208 0.3881958 0.7508857 0.5342984 0.3881882 0.7508924 0.5342944 0.3881882 0.7508924 0.5342944 0.3881807 0.7508992 0.5342904 0 0.7508982 0.660418 0 0.7508925 0.6604245 0 0.7508925 0.6604245 0 0.7508868 0.6604308 -0.3881896 0.7508904 0.5342961 -0.388189 0.7508934 0.5342925 -0.388189 0.7508934 0.5342925 -0.3881883 0.7508964 0.5342888 -0.6280893 0.7509026 0.2040809 -0.6280927 0.7508988 0.2040842 -0.6280927 0.7508988 0.2040842 -0.6280961 0.7508951 0.2040875 -0.6280961 0.7508952 -0.2040871 -0.6280957 0.7508956 -0.2040871 -0.6280957 0.7508956 -0.2040871 -0.6280953 0.750896 -0.2040872 -0.3881911 0.7508961 -0.534287 -0.3881868 0.7509001 -0.5342848 -0.3881868 0.7509001 -0.5342848 -0.3881823 0.750904 -0.5342824 0 0.7508992 -0.6604169 0 0.7508992 -0.6604168 0 0.7508992 -0.6604168 0 0.7508992 -0.6604168 0.3881885 0.7508978 -0.5342866 0.3881897 0.7508923 -0.5342934 0.3881897 0.7508923 -0.5342934 0.3881909 0.7508869 -0.5343003 0.6281046 0.7508886 -0.2040858 0.6281032 0.75089 -0.2040845 0.6281032 0.75089 -0.2040845 0.6281019 0.7508914 -0.2040832 0.6281018 0.7508913 0.2040844 0.6281042 0.7508894 0.2040841 0.6281042 0.7508894 0.2040841 0.6281067 0.7508875 0.2040838 -0.9417765 -0.1393455 0.3060064 -0.9417851 -0.1393113 0.3059956 -0.9417851 -0.1393113 0.3059956 -0.9417937 -0.1392772 0.3059848 -0.9842659 0 0.1766936 -0.9842659 0 0.1766936 -0.9842659 0 0.1766936 -0.9842659 0 0.1766936 -0.9417821 0.1393039 0.3060082 -0.9417815 0.1393381 0.3059944 -0.9417815 0.1393381 0.3059944 -0.9417809 0.1393723 0.3059806 -0.9001243 0 0.4356333 -0.9001243 0 0.4356333 -0.9001243 0 0.4356333 -0.9001243 0 0.4356333 0 -1 0 0 -1 0 0 -1 0 0 -1 0 -0.309012 0 -0.9510582 -0.309012 0 -0.9510582 -0.309012 0 -0.9510582 -0.309012 0 -0.9510582 0 1 0 0 1 0 0 1 0 0 1 0 0.3090458 0 0.9510472 0.3090458 0 0.9510472 0.3090458 0 0.9510472 0.3090458 0 0.9510472 0.89713 -0.3319342 -0.2915091 0.8971319 -0.3319293 -0.2915088 0.8971319 -0.3319293 -0.2915088 0.8971338 -0.3319245 -0.2915085 0.8854513 0 -0.4647321 0.8854513 0 -0.4647321 0.8854513 0 -0.4647321 0.8854513 0 -0.4647321 0.8971316 0.3319295 -0.2915096 0.8971302 0.3319344 -0.2915082 0.8971302 0.3319344 -0.2915082 0.8971289 0.3319392 -0.2915069 0.9895048 0 -0.1445004 0.9895048 0 -0.1445004 0.9895048 0 -0.1445004 0.9895048 0 -0.1445004 -0.3090177 0 -0.9510562 -0.3090177 0 -0.9510562 -0.3090177 0 -0.9510562 -0.3090177 0 -0.9510562 0.3090161 0 0.9510568 0.3090161 0 0.9510568 0.3090161 0 0.9510568 0.3090161 0 0.9510568 0.95106 0 -0.3090063 0.95106 0 -0.3090063 0.95106 0 -0.3090063 0.95106 0 -0.3090063 -0.3090186 0 -0.951056 -0.3090178 0 -0.9510562 -0.3090178 0 -0.9510562 -0.3090171 0 -0.9510565 -0.9510564 0 0.3090174 -0.9510557 0 0.3090196 -0.9510557 0 0.3090196 -0.951055 0 0.3090217 0.3090187 0 0.9510559 0.3090199 0 0.9510556 0.3090199 0 0.9510556 0.3090211 0 0.9510553 0 -1 0 0 -1 0 0 -1 0 0 -1 0 0 -1 0 0 -1 0 0 -1 0 0 -1 0 0 -1 0 0 -1 0 0 -1 0 0 1 0 0 1 0 0 1 0 0 1 0 0 1 0 0 1 0 0 1 0 0 1 0 0 -1 0 0 -1 0 0 -1 0 0 -1 0 0 -1 0 0 -1 0 0 -1 0 0 -1 0 0 1 0 0 1 0 0 1 0 0 1 0 0 1 0 0 1 0 0 1 0 0 1 0 0 1 0 0 1 0 0 1 0 0 1 0 0 1 0 0 1 0 0 1 0 0 1 0 0 1 0 0 1 0 0 1 0 0 1 0  
	<Tangents>: 222 1 0 0 1 0 0 1 0 0 1 0 0 1 0 0 1 0 0 1 0 0 1 0 0 1 0 0 1 0 0 1 0 0 1 0 0 1 0 0 1 0 0 1 0 0 1 0 0 1 0 0 1 0 0 1 0 0 1 0 0 1 0 0 1 0 0 1 0 0 0 1 0 0 1 0 0 1 0 0 1 0 1 0 0 1 0 0 1 0 0 1 0 0 0 1 0 0 1 0 0 1 0 0 1 0 0 1 0 0 1 0 0 1 0 0 1 0 0 1 0 0 1 0 0 1 0 0 1 0 0 1 0 0 1 0 0 1 0 0 1 0 1 0 0 1 0 0 1 0 0 1 0 0 0 1 0 0 1 0 0 1 0 0 1 0 0 1 0 0 1 0 0 1 0 0 1 0 0 1 0 0 1 0 0 1 0 0 1 0 0.9215769 -0.3162955 -0.2250625 0.9215801 -0.3162911 -0.2250556 0.9215801 -0.3162911 -0.2250556 0.9215833 -0.3162867 -0.2250488 1 0 0 1 0 0 1 0 0 1 0 0 0.9215795 0.3162916 0.2250573 0.9215798 0.3162922 0.2250553 0.9215798 0.3162922 0.2250553 0.92158 0.3162929 0.2250534 0.1309367 -0.1565394 0.9789541 0.1309396 -0.1565413 0.9789533 0.1309396 -0.1565413 0.9789533 0.1309426 -0.1565431 0.9789527 -0.1309423 0.1565428 0.9789528 -0.1309422 0.1565429 0.9789528 -0.1309422 0.1565429 0.9789528 -0.1309422 0.1565431 0.9789527 0.9215789 0.3162954 -0.2250545 0.9215807 0.3162929 -0.2250506 0.9215807 0.3162929 -0.2250506 0.9215826 0.3162903 -0.2250465 1 0 0 1 0 0 1 0 0 1 0 0 0.92158 -0.3162936 0.2250526 0.9215795 -0.3162925 0.2250562 0.9215795 -0.3162925 0.2250562 0.921579 -0.3162913 0.2250599 0.1309432 0.1565404 0.978953 0.130942 0.1565396 0.9789533 0.130942 0.1565396 0.9789533 0.1309409 0.1565389 0.9789535 -0.1309417 -0.1565399 0.9789533 -0.130942 -0.1565392 0.9789534 -0.130942 -0.1565392 0.9789534 -0.1309423 -0.1565385 0.9789534 -0.1325253 0.9902438 0.04306072 -0.1324933 0.9902487 0.04304843 -0.1324933 0.9902487 0.04304843 -0.1324614 0.9902534 0.04303615 0 1 0 0 1 0 0 1 0 0 1 0 0.1324857 0.9902496 -0.04304786 0.1325188 0.9902449 -0.0430567 0.1325188 0.9902449 -0.0430567 0.1325518 0.9902401 -0.04306553 0 1 0 0 1 0 0 1 0 0 1 0 1 0 0 1 0 0 1 0 0 1 0 0 0 1 0 0 1 0 0 1 0 0 1 0 1 0 0 1 0 0 1 0 0 1 0 0 0 1 0 0 1 0 0 1 0 0 1 0 0.2733956 -0.1011552 0.9565681 0.2733959 -0.1011536 0.9565682 0.2733959 -0.1011536 0.9565682 0.2733962 -0.101152 0.9565683 0 1 0 0 1 0 0 1 0 0 1 0 0.2733966 0.1011539 0.9565679 0.2733948 0.1011549 0.9565684 0.2733948 0.1011549 0.9565684 0.273393 0.1011559 0.9565687 0 1 0 0 1 0 0 1 0 0 1 0 0 1 0 0 1 0 0 1 0 0 1 0 0 1 0 0 1 0 0 1 0 0 1 0 0 1 0 0 1 0 0 1 0 0 1 0 0 1 0 0 1 0 0 1 0 0 1 0 0 1 0 0 1 0 0 1 0 0 1 0 0 1 0 0 1 0 0 1 0 0 1 0 1 0 0 1 0 0 1 0 0 1 0 0 1 0 0 1 0 0 1 0 0 1 0 0 1 0 0 1 0 0 1 0 0 1 0 0 1 0 0 1 0 0 1 0 0 1 0 0 1 0 0 1 0 0 1 0 0 1 0 0 1 0 0 1 0 0 1 0 0 1 0 0 1 0 0 1 0 0 1 0 0 1 0 0 1 0 0 1 0 0 1 0 0 1 0 0 1 0 0 1 0 0 1 0 0 1 0 0 1 0 0 1 0 0 1 0 0 1 0 0 1 0 0 1 0 0 1 0 0 1 0 0 1 0 0 1 0 0 1 0 0  
	<BiTangents>: 222 0 0 1 0 0 1 0 0 1 0 0 1 0 0 1 0 0 1 0 0 1 0 0 1 0 0 1 0 0 1 0 0 1 0 0 1 0 0 1 0 0 1 0 0 1 0 0 1 0 0 1 0 0 1 0 0 1 0 0 1 0 0 1 0 0 1 0 0 1 0.8090158 0 -0.587787 0.8090158 0 -0.587787 0.8090158 0 -0.587787 0.8090158 0 -0.587787 0 1 0 0 1 0 0 1 0 0 1 0 0.8090183 0 0.5877836 0.8090183 0 0.5877836 0.8090183 0 0.5877836 0.8090183 0 0.5877836 0.309009 0 0.9510592 0.309009 0 0.9510592 0.309009 0 0.9510592 0.309009 0 0.9510592 -0.3090032 0 0.951061 -0.3090032 0 0.951061 -0.3090032 0 0.951061 -0.3090032 0 0.951061 0.809024 0 -0.5877757 0.809024 0 -0.5877757 0.809024 0 -0.5877757 0.809024 0 -0.5877757 0 1 0 0 1 0 0 1 0 0 1 0 0.8090172 0 0.5877849 0.8090172 0 0.5877849 0.8090172 0 0.5877849 0.8090172 0 0.5877849 0.3090257 0 0.9510537 0.3090257 0 0.9510537 0.3090257 0 0.9510537 0.3090257 0 0.9510537 -0.3090208 0 0.9510553 -0.3090208 0 0.9510553 -0.3090208 0 0.9510553 -0.3090208 0 0.9510553 1.652956E-08 -0.5797654 0.8147835 -1.077722E-08 -0.579759 0.814788 -1.077722E-08 -0.579759 0.814788 -5.347891E-09 -0.5797527 0.8147925 0 -0.660418 0.7508982 0 -0.6604245 0.7508925 0 -0.6604245 0.7508925 0 -0.6604309 0.7508869 1.759909E-09 -0.5797613 0.8147864 3.585287E-09 -0.5797571 0.8147894 3.585287E-09 -0.5797571 0.8147894 -1.037482E-09 -0.579753 0.8147923 0.7670459 0.6415923 4.082086E-09 0.7670426 0.6415962 4.416612E-09 0.7670426 0.6415962 4.416612E-09 0.7670393 0.6416002 4.785728E-09 0.7670394 0.6416001 5.964641E-09 0.7670397 0.6415997 -3.078294E-09 0.7670397 0.6415997 -3.078294E-09 0.7670401 0.6415992 8.979306E-10 2.924031E-09 0.5797518 0.8147931 -4.817042E-09 0.5797482 0.8147957 -4.817042E-09 0.5797482 0.8147957 -9.902279E-09 0.5797445 0.8147984 0 0.6604169 0.7508992 0 0.6604168 0.7508992 0 0.6604168 0.7508992 0 0.6604168 0.7508992 -4.814107E-09 0.5797507 0.8147939 -3.736535E-09 0.5797583 0.8147885 -3.736535E-09 0.5797583 0.8147885 2.946194E-10 0.579766 0.8147829 0.7670323 -0.6416085 5.23823E-09 0.7670336 -0.641607 -1.214551E-08 0.7670336 -0.641607 -1.214551E-08 0.7670348 -0.6416055 5.447353E-09 0.7670348 -0.6416054 -8.679249E-09 0.7670328 -0.6416079 1.333726E-08 0.7670328 -0.6416079 1.333726E-08 0.7670308 -0.6416103 -5.741237E-09 0.3090213 -3.257706E-09 0.9510552 0.3090088 -1.603348E-10 0.9510592 0.3090088 -1.603348E-10 0.9510592 0.3089964 -1.687644E-09 0.9510632 0.1766936 0 0.9842659 0.1766936 0 0.9842659 0.1766936 0 0.9842659 0.1766936 0 0.9842659 0.3090212 -4.142512E-09 0.9510551 0.3090088 -9.925794E-11 0.9510592 0.3090088 -9.925794E-11 0.9510592 0.3089964 -2.303751E-09 0.9510632 0.4356333 0 0.9001243 0.4356333 0 0.9001243 0.4356333 0 0.9001243 0.4356333 0 0.9001243 0 0 1 0 0 1 0 0 1 0 0 1 0.9510581 0 -0.309012 0.9510581 0 -0.309012 0.9510581 0 -0.309012 0.9510581 0 -0.309012 0 0 1 0 0 1 0 0 1 0 0 1 0.9510472 0 -0.3090458 0.9510472 0 -0.3090458 0.9510472 0 -0.3090458 0.9510472 0 -0.3090458 0.3470052 0.9378632 5.266008E-09 0.3470002 0.9378651 -5.853012E-09 0.3470002 0.9378651 -5.853012E-09 0.3469951 0.9378669 -5.0523E-10 0.4647321 0 0.8854513 0.4647321 0 0.8854513 0.4647321 0 0.8854513 0.4647321 0 0.8854513 -0.3470004 0.937865 2.925041E-09 -0.3470054 0.9378632 -2.67774E-09 -0.3470054 0.9378632 -2.67774E-09 -0.3470103 0.9378613 -4.432328E-09 0.1445004 0 0.9895047 0.1445004 0 0.9895047 0.1445004 0 0.9895047 0.1445004 0 0.9895047 0.9510563 0 -0.3090177 0.9510563 0 -0.3090177 0.9510563 0 -0.3090177 0.9510563 0 -0.3090177 0.9510568 0 -0.3090161 0.9510568 0 -0.3090161 0.9510568 0 -0.3090161 0.9510568 0 -0.3090161 0.3090063 0 0.95106 0.3090063 0 0.95106 0.3090063 0 0.95106 0.3090063 0 0.95106 0.951056 0 -0.3090186 0.9510562 0 -0.3090178 0.9510562 0 -0.3090178 0.9510565 0 -0.3090171 0.3090174 0 0.9510564 0.3090196 0 0.9510557 0.3090196 0 0.9510557 0.3090217 0 0.951055 0.9510559 0 -0.3090187 0.9510556 0 -0.3090199 0.9510556 0 -0.3090199 0.9510552 0 -0.309021 0 0 1 0 0 1 0 0 1 0 0 1 0 0 1 0 0 1 0 0 1 0 0 1 0 0 1 0 0 1 0 0 1 0 0 1 0 0 1 0 0 1 0 0 1 0 0 1 0 0 1 0 0 1 0 0 1 0 0 1 0 0 1 0 0 1 0 0 1 0 0 1 0 0 1 0 0 1 0 0 1 0 0 1 0 0 1 0 0 1 0 0 1 0 0 1 0 0 1 0 0 1 0 0 1 0 0 1 0 0 1 0 0 1 0 0 1 0 0 1 0 0 1 0 0 1 0 0 1 0 0 1 0 0 1 0 0 1 0 0 1  
	<SubMeshes>: 1
		<SubMesh>: 0 396 0 1 2 3 1 4 5 1 6 7 1 8 9 1 10 11 12 13 14 15 16 17 15 18 19 15 20 21 15 22 23 24 25 24 26 25 27 28 29 28 30 29 31 32 33 32 34 33 35 36 37 36 38 37 39 40 41 40 42 41 43 44 45 44 46 45 47 48 49 48 50 49 51 52 53 52 54 53 55 56 57 56 58 57 59 60 61 60 62 61 63 64 65 64 66 65 67 68 69 68 70 69 71 72 73 72 74 73 75 76 77 76 78 77 79 80 81 80 82 81 83 84 85 84 86 85 87 88 89 88 90 89 91 92 93 92 94 93 95 96 97 96 98 97 99 100 101 100 102 101 103 104 105 104 106 105 107 108 109 108 110 109 111 112 113 112 114 113 115 116 117 116 118 117 119 120 121 120 122 121 123 124 125 124 126 125 127 128 129 128 130 129 131 132 133 132 134 133 135 136 137 136 138 137 139 140 141 140 142 141 143 144 145 144 146 145 147 148 149 148 150 149 151 152 153 152 154 153 155 156 157 156 158 157 159 160 161 160 162 161 163 164 165 164 166 165 167 168 169 168 170 169 171 172 173 172 174 173 175 176 177 178 176 175 177 176 179 180 176 178 179 176 181 182 176 180 181 176 183 184 176 182 183 176 185 185 176 184 186 187 188 189 187 186 187 190 188 191 189 186 188 190 192 193 189 191 190 193 192 192 193 191 194 195 196 197 195 194 195 198 196 199 197 194 196 198 200 201 197 199 198 201 200 200 201 199 202 203 204 205 203 202 203 206 204 207 205 202 204 206 208 209 205 207 206 210 208 211 209 207 208 210 212 213 209 211 210 214 212 215 213 211 212 214 216 217 213 215 214 218 216 219 217 215 216 218 220 221 217 219 218 221 220 220 221 219  
</Mesh>
