<Mesh>: 418 SM_Prop_Crate_03
	<Bounds>: 0 0.1765713 4.470348E-08 0.4771886 0.1765713 0.2594684
	<Positions>: 418 0.4771886 0.303429 0.2339417 0.4449059 0.303429 0.2594684 0.4771886 0.2631025 0.2594684 0.447373 0.315667 0.2367896 0.4449059 0.303429 0.2594684 0.4771886 0.303429 0.2339417 -0.1164346 0.1770812 0.2367896 -0.05894721 0.1279364 0.2367896 -0.07140213 0.1871573 0.2290002 -0.05894721 0.1279364 0.2367896 0 0.1770812 0.2367896 -0.07140213 0.1871573 0.2290002 0.4771886 0.0643152 0.2594684 0.4771886 0.1093825 0.2594684 0 0.1093825 0.2594684 0 0.0643152 0.2594684 -0.4771886 0.0643152 0.2594684 -0.4771886 0.1093825 0.2594684 0.3995498 0.3299796 0.1056704 0.3995498 0.3186466 0.09717391 -0.1138648 0.3186466 0.07709403 -0.1138648 0.3299796 0.08559053 -0.3995498 0.3299796 0.1056704 -0.3995498 0.3186466 0.09717391 0.4771886 0.1093825 -0.2594683 0.4771886 0.0643152 -0.2594683 0 0.0643152 -0.2594683 0 0.1093825 -0.2594683 -0.4771886 0.1093825 -0.2594683 -0.4771886 0.0643152 -0.2594683 0.447373 0 -0.2367895 0.447373 0 0.2367896 0 0 0.2367896 0 0 -0.2367895 -0.447373 0 -0.2367895 -0.447373 0 0.2367896 -0.4771886 0.0643152 0.2594684 -0.4771886 0.1093825 0.2594684 -0.4771886 0.1093825 -0.2594683 -0.4771886 0.0643152 -0.2594683 0.4771886 0.0643152 -0.2594683 0.4771886 0.1093825 -0.2594683 0.4771886 0.1093825 0.2594684 0.4771886 0.0643152 0.2594684 0.447373 0.04749843 -0.2367895 0.4771886 0.0643152 -0.2594683 0.4771886 0.0643152 0.2594684 0.447373 0.04749843 0.2367896 0.447373 0.04749843 0.2367896 0.4771886 0.0643152 0.2594684 0 0.0643152 0.2594684 0 0.04749843 0.2367896 -0.447373 0.04749843 0.2367896 -0.4771886 0.0643152 0.2594684 -0.447373 0.04749843 0.2367896 -0.4771886 0.0643152 0.2594684 -0.4771886 0.0643152 -0.2594683 -0.447373 0.04749843 -0.2367895 0.4771886 0.0643152 -0.2594683 0.447373 0.04749843 -0.2367895 0 0.04749843 -0.2367895 0 0.0643152 -0.2594683 -0.4771886 0.0643152 -0.2594683 -0.447373 0.04749843 -0.2367895 0.4771886 0.2631025 0.2594684 0.4449059 0.303429 0.2594684 0 0.303429 0.2594684 0 0.2631025 0.2594684 -0.4771886 0.2631025 0.2594684 -0.4771886 0.303429 0.2594684 0.4771886 0.2631025 -0.2594683 0.4771886 0.303429 -0.2594683 0.4771886 0.303429 0.2339417 0.4771886 0.2631025 0.2594684 0.4771886 0.303429 -0.2594683 0.4771886 0.2631025 -0.2594683 0.09903906 0.2631025 -0.2594683 0.07419857 0.303429 -0.2594683 -0.4771886 0.2631025 0.2594684 -0.4771886 0.303429 0.2594684 -0.4771886 0.303429 -0.2594683 -0.4771886 0.2631025 -0.2594683 0.447373 0.315667 0.2367896 0 0.303429 0.2594684 0.4449059 0.303429 0.2594684 0 0.315667 0.2367896 -0.4771886 0.303429 0.2594684 -0.447373 0.315667 0.2367896 0.4771886 0.303429 -0.2594683 0.447373 0.315667 0.2367896 0.4771886 0.303429 0.2339417 0.447373 0.315667 -0.1830113 0.447373 0.315667 -0.2367895 0.4771886 0.303429 -0.2594683 0.07419857 0.303429 -0.2594683 0.04504277 0.315667 -0.2367895 0.4075743 0.315667 -0.2367895 0.447373 0.315667 -0.2367895 -0.01801721 0.303429 -0.2594683 -0.447373 0.315667 -0.2367895 -0.4771886 0.303429 -0.2594683 -0.447373 0.315667 -0.2367895 -0.4771886 0.303429 -0.2594683 -0.4771886 0.303429 0.2594684 -0.447373 0.315667 0.1031484 -0.447373 0.315667 0.2367896 0.447373 0.2463783 -0.2367895 0.4771886 0.2631025 -0.2594683 0.4771886 0.2631025 0.2594684 0.447373 0.2463783 0.2367896 0.447373 0.2463783 0.2367896 0.4771886 0.2631025 0.2594684 0 0.2631025 0.2594684 0 0.2463783 0.2367896 -0.447373 0.2463783 0.2367896 -0.4771886 0.2631025 0.2594684 -0.447373 0.2463783 0.2367896 -0.4771886 0.2631025 0.2594684 -0.4771886 0.2631025 -0.2594683 -0.447373 0.2463783 -0.2367895 0.4771886 0.2631025 -0.2594683 0.447373 0.2463783 -0.2367895 0.04504277 0.2463783 -0.2367895 0.09903906 0.2631025 -0.2594683 -0.447373 0.2463783 -0.2367895 -0.4771886 0.2631025 -0.2594683 0.01163123 0.2631025 -0.2594683 0.4326563 0.1871574 -0.2290001 0.447373 0.1951556 -0.2367895 0.447373 0.1951555 0.2367896 0.4326563 0.1871573 0.2290002 0.4326563 0.1871573 0.2290002 0.447373 0.1951555 0.2367896 0 0.1951555 0.2367896 0 0.1871573 0.2290002 -0.07140213 0.1871573 0.2290002 -0.4326563 0.1871573 0.2290002 -0.447373 0.1951555 0.2367896 -0.4326563 0.1871573 0.2290002 -0.447373 0.1951555 0.2367896 -0.447373 0.1951556 -0.2367895 -0.4326563 0.1871574 -0.2290001 0.447373 0.1951556 -0.2367895 0.4326563 0.1871574 -0.2290001 0 0.1871574 -0.2290001 0 0.1951556 -0.2367895 -0.4326563 0.1871574 -0.2290001 -0.447373 0.1951556 -0.2367895 0.447373 0.315667 0.2367896 0.447373 0.3531426 0.2367896 0 0.3531426 0.2367896 0 0.315667 0.2367896 -0.447373 0.315667 0.2367896 -0.447373 0.3531426 0.2367896 0.447373 0.3531426 -0.1421441 0.447373 0.3531426 0.2367896 0.447373 0.315667 0.2367896 0.447373 0.315667 -0.1830113 0.447373 0.315667 -0.2367895 -0.447373 0.3531426 0.07036248 -0.447373 0.3531426 -0.2367895 -0.447373 0.315667 -0.2367895 -0.447373 0.315667 0.1031484 -0.447373 0.3371523 0.09781634 -0.447373 0.3531426 0.1212305 -0.447373 0.315667 0.2367896 -0.447373 0.3531426 0.2367896 0.4771886 0.1093825 -0.2594683 0.447373 0.1279365 -0.2367895 0.447373 0.1279364 0.2367896 0.4771886 0.1093825 0.2594684 0.4771886 0.1093825 0.2594684 0.447373 0.1279364 0.2367896 0 0.1279364 0.2367896 0 0.1093825 0.2594684 -0.05894721 0.1279364 0.2367896 -0.447373 0.1279364 0.2367896 -0.4771886 0.1093825 0.2594684 -0.4771886 0.1093825 0.2594684 -0.447373 0.1279364 0.2367896 -0.447373 0.1279365 -0.2367895 -0.4771886 0.1093825 -0.2594683 0.447373 0.1279365 -0.2367895 0.4771886 0.1093825 -0.2594683 0 0.1093825 -0.2594683 0 0.1279365 -0.2367895 -0.447373 0.1279365 -0.2367895 -0.4771886 0.1093825 -0.2594683 0.447373 0 -0.2367895 0.447373 0.04749843 -0.2367895 0.447373 0.04749843 0.2367896 0.447373 0 0.2367896 0.447373 0 0.2367896 0.447373 0.04749843 0.2367896 0 0.04749843 0.2367896 0 0 0.2367896 -0.447373 0 0.2367896 -0.447373 0.04749843 0.2367896 -0.447373 0 0.2367896 -0.447373 0.04749843 0.2367896 -0.447373 0.04749843 -0.2367895 -0.447373 0 -0.2367895 0.447373 0.04749843 -0.2367895 0.447373 0 -0.2367895 0 0 -0.2367895 0 0.04749843 -0.2367895 -0.447373 0.04749843 -0.2367895 -0.447373 0 -0.2367895 -0.3995498 0.3531426 0.06040709 -0.447373 0.3531426 -0.2367895 -0.447373 0.3531426 0.07036248 -0.3995498 0.3531426 -0.1943476 0 0.3531426 -0.1943476 0 0.3531426 -0.2367895 0.3631263 0.3531426 -0.2367895 0.3995498 0.3531426 -0.1943476 0.447373 0.3531426 0.2367896 0.447373 0.3531426 -0.1421441 0.3995498 0.3531426 0.1943478 0 0.3531426 0.1943478 0 0.3531426 0.2367896 -0.447373 0.3531426 0.2367896 -0.3995498 0.3531426 0.1943478 -0.3995498 0.3531426 0.1164831 -0.447373 0.3531426 0.1212305 0.3995498 0.3531426 0.1943478 0.3995498 0.3299796 0.1943478 0 0.3299796 0.1943478 0 0.3531426 0.1943478 -0.3995498 0.3531426 0.1943478 -0.3995498 0.3299796 0.1943478 -0.3995498 0.3299796 -0.1943476 -0.3995498 0.3531426 -0.1943476 -0.3995498 0.3531426 0.06040709 -0.3995498 0.3299796 -0.10836 -0.3995498 0.3299796 -0.08791157 -0.3995498 0.3186466 -0.09717379 -0.3995498 0.3299796 -0.007516615 -0.3995498 0.3299796 0.007341856 -0.3995498 0.3186466 6.351192E-08 -0.3995498 0.3299796 0.08681022 -0.3995498 0.3299796 0.1056704 -0.3995498 0.3186466 0.09717391 -0.3995498 0.3531426 0.1164831 -0.3995498 0.3531426 0.1943478 -0.3995498 0.3299796 0.1943478 0 0.3299796 -0.1943476 0.3995498 0.3299796 -0.1943476 0.3995498 0.3531426 -0.1943476 0 0.3531426 -0.1943476 -0.3995498 0.3531426 -0.1943476 -0.3995498 0.3299796 -0.1943476 0.3995498 0.3531426 -0.1943476 0.3995498 0.3299796 -0.1943476 0.3995498 0.3299796 -0.10836 0.3995498 0.3299796 -0.08791157 0.3995498 0.3186466 -0.09717379 0.3995498 0.3299796 -0.007516615 0.3995498 0.3299796 0.007341856 0.3995498 0.3186466 6.351192E-08 0.3995498 0.3299796 0.08681022 0.3995498 0.3299796 0.1056704 0.3995498 0.3186466 0.09717391 0.3995498 0.3299796 0.1943478 0.3995498 0.3531426 0.1943478 0.3995498 0.3299796 -0.10836 0.3995498 0.3299796 -0.1943476 0 0.3299796 -0.1943476 -0.01842265 0.3299796 -0.1398926 -0.3995498 0.3299796 -0.10836 -0.3995498 0.3299796 -0.1943476 0.3995498 0.3299796 -0.08791157 0.3995498 0.3186466 -0.09717379 -0.01842265 0.3186466 -0.1287065 -0.01842265 0.3299796 -0.1194442 0.3995498 0.3299796 0.007341856 0.3995498 0.3186466 6.351192E-08 0.132524 0.3186466 0.01740818 0.132524 0.3299796 0.02474997 -0.3995498 0.3299796 0.007341856 -0.3995498 0.3186466 6.351192E-08 0.3995498 0.3299796 0.1943478 0.3995498 0.3299796 0.1056704 -0.1138648 0.3299796 0.08559053 0 0.3299796 0.1943478 -0.3995498 0.3299796 0.1943478 -0.3995498 0.3299796 0.1056704 0.3995498 0.3186466 0.09717391 0.3995498 0.3299796 0.08681022 -0.1138648 0.3299796 0.06673035 -0.1138648 0.3186466 0.07709403 -0.3995498 0.3186466 0.09717391 -0.3995498 0.3299796 0.08681022 0.3995498 0.3299796 0.08681022 0.3995498 0.3299796 0.007341856 0.132524 0.3299796 0.02474997 -0.1138648 0.3299796 0.06673035 -0.3995498 0.3299796 0.08681022 -0.3995498 0.3299796 0.007341856 0.3995498 0.3186466 6.351192E-08 0.3995498 0.3299796 -0.007516615 0.132524 0.3299796 0.009891499 0.132524 0.3186466 0.01740818 -0.3995498 0.3186466 6.351192E-08 -0.3995498 0.3299796 -0.007516615 0.3995498 0.3299796 -0.007516615 0.3995498 0.3299796 -0.08791157 -0.01842265 0.3299796 -0.1194442 0.132524 0.3299796 0.009891499 -0.3995498 0.3299796 -0.007516615 -0.3995498 0.3299796 -0.08791157 0.3995498 0.3186466 -0.09717379 0.3995498 0.3299796 -0.10836 -0.01842265 0.3299796 -0.1398926 -0.01842265 0.3186466 -0.1287065 0.01163123 0.2631025 -0.2594683 -0.4771886 0.2631025 -0.2594683 -0.4771886 0.303429 -0.2594683 -0.01801721 0.303429 -0.2594683 -0.01842265 0.3186466 -0.1287065 -0.3995498 0.3186466 -0.09717379 -0.3995498 0.3299796 -0.08791157 -0.01842265 0.3299796 -0.1194442 -0.01842265 0.3299796 -0.1398926 -0.3995498 0.3299796 -0.10836 -0.3995498 0.3186466 -0.09717379 -0.01842265 0.3186466 -0.1287065 0.04504277 0.315667 -0.2367895 -0.447373 0.315667 -0.2367895 -0.447373 0.3531426 -0.2367895 0 0.3531426 -0.2367895 0.4075743 0.315667 -0.2367895 0.3631263 0.3531426 -0.2367895 0.447373 0.315667 -0.2367895 0.447373 0.1770812 -0.2367895 0.4326563 0.1871574 -0.2290001 0.4326563 0.1871573 0.2290002 0.447373 0.1770812 0.2367896 0.447373 0.1770812 0.2367896 0.4326563 0.1871573 0.2290002 0 0.1871573 0.2290002 0 0.1770812 0.2367896 -0.07140213 0.1871573 0.2290002 -0.4326563 0.1871573 0.2290002 -0.1164346 0.1770812 0.2367896 -0.447373 0.1770812 0.2367896 -0.447373 0.1770812 0.2367896 -0.4326563 0.1871573 0.2290002 -0.4326563 0.1871574 -0.2290001 -0.447373 0.1770812 -0.2367895 -0.447373 0.1770812 -0.2367895 -0.4326563 0.1871574 -0.2290001 0 0.1871574 -0.2290001 0 0.1770812 -0.2367895 0.4326563 0.1871574 -0.2290001 0.447373 0.1770812 -0.2367895 -0.447373 0.1951555 0.2367896 -0.447373 0.2463783 0.2367896 -0.447373 0.2463783 -0.2367895 -0.447373 0.1951556 -0.2367895 0 0.2463783 0.2367896 -0.447373 0.2463783 0.2367896 -0.447373 0.1951555 0.2367896 0 0.1951555 0.2367896 0.447373 0.1951555 0.2367896 0.447373 0.2463783 0.2367896 0.447373 0.1951556 -0.2367895 0.447373 0.2463783 -0.2367895 0.447373 0.2463783 0.2367896 0.447373 0.1951555 0.2367896 0.447373 0.2463783 -0.2367895 0.447373 0.1951556 -0.2367895 0 0.1951556 -0.2367895 0.04504277 0.2463783 -0.2367895 -0.447373 0.1951556 -0.2367895 -0.447373 0.2463783 -0.2367895 0.447373 0.1279365 -0.2367895 0.447373 0.1770812 -0.2367895 0.447373 0.1770812 0.2367896 0.447373 0.1279364 0.2367896 0.447373 0.1279364 0.2367896 0.447373 0.1770812 0.2367896 0 0.1770812 0.2367896 0 0.1279364 0.2367896 -0.05894721 0.1279364 0.2367896 -0.447373 0.1770812 0.2367896 -0.447373 0.1279364 0.2367896 -0.1164346 0.1770812 0.2367896 -0.447373 0.1279364 0.2367896 -0.447373 0.1770812 0.2367896 -0.447373 0.1770812 -0.2367895 -0.447373 0.1279365 -0.2367895 0 0.1279365 -0.2367895 -0.447373 0.1279365 -0.2367895 -0.447373 0.1770812 -0.2367895 0 0.1770812 -0.2367895 0.447373 0.1770812 -0.2367895 0.447373 0.1279365 -0.2367895 0.3995498 0.3531426 -0.1943476 0.447373 0.315667 -0.2367895 0.3631263 0.3531426 -0.2367895 0.447373 0.3531426 -0.1421441 0.09903906 0.2631025 -0.2594683 0.04504277 0.2463783 -0.2367895 0.04504277 0.315667 -0.2367895 0.07419857 0.303429 -0.2594683 0.04504277 0.2463783 -0.2367895 0.01163123 0.2631025 -0.2594683 -0.01801721 0.303429 -0.2594683 0.04504277 0.315667 -0.2367895 -0.3995498 0.3299796 0.08681022 -0.3995498 0.3531426 0.06040709 -0.447373 0.3531426 0.07036248 -0.447373 0.3371523 0.09781634 -0.3995498 0.3531426 0.1164831 -0.3995498 0.3299796 0.08681022 -0.447373 0.3371523 0.09781634 -0.447373 0.3531426 0.1212305  
	<Colors>: 0  
	<TextureCoords0>: 418 0.3325569 0.8614815 0.3325569 0.8614815 0.3325569 0.8614815 0.3325569 0.8614815 0.3325569 0.8614815 0.3325569 0.8614815 0.3313016 0.7872621 0.3313016 0.7872621 0.3313016 0.7872621 0.3313016 0.7872621 0.3313016 0.7872621 0.3313016 0.7872621 0.3325569 0.8614815 0.3325569 0.8614815 0.3325569 0.8614815 0.3325569 0.8614815 0.3325569 0.8614815 0.3325569 0.8614815 0.3313016 0.8074657 0.3313016 0.8074657 0.3313016 0.8074657 0.3313016 0.8074657 0.3313017 0.8074657 0.3313016 0.8074657 0.3325569 0.8614815 0.3325569 0.8614815 0.3325569 0.8614815 0.3325569 0.8614815 0.3325569 0.8614815 0.3325569 0.8614815 0.3313016 0.7872621 0.3313016 0.7872621 0.3313016 0.7872621 0.3313016 0.7872621 0.3313016 0.7872621 0.3313016 0.7872621 0.3325569 0.8614815 0.3325569 0.8614815 0.3325569 0.8614815 0.3325569 0.8614815 0.3325569 0.8614815 0.3325569 0.8614815 0.3325569 0.8614815 0.3325569 0.8614815 0.3325569 0.8614815 0.3325569 0.8614815 0.3325569 0.8614815 0.3325569 0.8614815 0.3325569 0.8614815 0.3325569 0.8614815 0.3325569 0.8614815 0.3325569 0.8614815 0.3325569 0.8614815 0.3325569 0.8614815 0.3325569 0.8614815 0.3325569 0.8614815 0.3325569 0.8614815 0.3325569 0.8614815 0.3325569 0.8614815 0.3325569 0.8614815 0.3325569 0.8614815 0.3325569 0.8614815 0.3325569 0.8614815 0.3325569 0.8614815 0.3325569 0.8614815 0.3325569 0.8614815 0.3325569 0.8614815 0.3325569 0.8614815 0.3325569 0.8614815 0.3325569 0.8614815 0.3325569 0.8614815 0.3325569 0.8614815 0.3325569 0.8614815 0.3325569 0.8614815 0.3325569 0.8614815 0.3325569 0.8614815 0.3325569 0.8614815 0.3325569 0.8614815 0.3325569 0.8614815 0.3325569 0.8614815 0.3325569 0.8614815 0.3325569 0.8614815 0.3325569 0.8614815 0.3325569 0.8614815 0.3325569 0.8614815 0.3325569 0.8614815 0.3325569 0.8614815 0.3325569 0.8614815 0.3325569 0.8614815 0.3325569 0.8614815 0.3325569 0.8614815 0.3325569 0.8614815 0.3325569 0.8614815 0.3325569 0.8614815 0.3325569 0.8614815 0.3325569 0.8614815 0.3325569 0.8614815 0.3325569 0.8614815 0.3325569 0.8614815 0.3325569 0.8614815 0.3325569 0.8614815 0.3325569 0.8614815 0.3325569 0.8614815 0.3325569 0.8614815 0.3325569 0.8614815 0.3325569 0.8614815 0.3325569 0.8614815 0.3325569 0.8614815 0.3325569 0.8614815 0.3325569 0.8614815 0.3325569 0.8614815 0.3325569 0.8614815 0.3325569 0.8614815 0.3325569 0.8614815 0.3325569 0.8614815 0.3325569 0.8614815 0.3325569 0.8614815 0.3325569 0.8614815 0.3325569 0.8614815 0.3325569 0.8614815 0.3325569 0.8614815 0.3325569 0.8614815 0.3325569 0.8614815 0.3325569 0.8614815 0.3325569 0.8614815 0.3325569 0.8614815 0.3325569 0.8614815 0.3313016 0.7872622 0.3313016 0.7872622 0.3313016 0.7872622 0.3313016 0.7872622 0.3313016 0.7872621 0.3313016 0.7872621 0.3313016 0.7872621 0.3313016 0.7872621 0.3313016 0.7872621 0.3313016 0.7872621 0.3313016 0.7872621 0.3313016 0.7872622 0.3313017 0.7872622 0.3313016 0.7872622 0.3313016 0.7872622 0.3313016 0.7872622 0.3313016 0.7872622 0.3313016 0.7872622 0.3313016 0.7872622 0.3313016 0.7872622 0.3313016 0.7872622 0.3313016 0.7872621 0.3313016 0.7872621 0.3313016 0.7872621 0.3313016 0.7872621 0.3313016 0.7872621 0.3313016 0.7872621 0.3313016 0.7872621 0.3313016 0.7872621 0.3313016 0.7872621 0.3313016 0.7872621 0.3313016 0.7872621 0.3313016 0.7872621 0.3313016 0.7872621 0.3313016 0.7872621 0.3313016 0.7872621 0.3313016 0.7872621 0.3313016 0.7872621 0.3313016 0.7872621 0.3313016 0.7872621 0.3325569 0.8614815 0.3325569 0.8614815 0.3325569 0.8614815 0.3325569 0.8614815 0.3325569 0.8614815 0.3325569 0.8614815 0.3325569 0.8614815 0.3325569 0.8614815 0.3325569 0.8614815 0.3325569 0.8614815 0.3325569 0.8614815 0.3325569 0.8614815 0.3325569 0.8614815 0.3325569 0.8614815 0.3325569 0.8614815 0.3325569 0.8614815 0.3325569 0.8614815 0.3325569 0.8614815 0.3325569 0.8614815 0.3325569 0.8614815 0.3325569 0.8614815 0.3313016 0.7872621 0.3313016 0.7872621 0.3313016 0.7872621 0.3313016 0.7872621 0.3313016 0.7872621 0.3313016 0.7872621 0.3313016 0.7872621 0.3313016 0.7872621 0.3313016 0.7872621 0.3313016 0.7872621 0.3313016 0.7872621 0.3313016 0.7872621 0.3313016 0.7872621 0.3313016 0.7872621 0.3313016 0.7872621 0.3313016 0.7872621 0.3313016 0.7872621 0.3313016 0.7872621 0.3313016 0.7872621 0.3313016 0.7872621 0.3313016 0.7872621 0.3313016 0.7872622 0.3313016 0.7872621 0.3313016 0.7872622 0.3313016 0.7872622 0.3313016 0.7872622 0.3313016 0.7872622 0.3313016 0.7872622 0.3313016 0.7872621 0.3313016 0.7872622 0.3313016 0.7872621 0.3313016 0.7872621 0.3313016 0.7872621 0.3313016 0.7872621 0.3313016 0.7872621 0.3313016 0.7872621 0.3313016 0.7872621 0.3313016 0.7872621 0.3313016 0.7872621 0.3313016 0.7872621 0.3313016 0.7872621 0.3313016 0.7872621 0.3313016 0.7872621 0.3313016 0.7872622 0.3313016 0.7872622 0.3313016 0.7872621 0.3313017 0.7872622 0.3313016 0.7872622 0.3313016 0.7872622 0.3313016 0.7872621 0.3313016 0.7872621 0.3313016 0.7872621 0.3313016 0.7872621 0.3313017 0.7872621 0.3313016 0.7872621 0.3313016 0.7872621 0.3313016 0.7872621 0.3313016 0.7872621 0.3313016 0.7872622 0.3313016 0.7872622 0.3313016 0.7872622 0.3313016 0.7872622 0.3313016 0.7872622 0.3313016 0.7872622 0.3313016 0.7872622 0.3313016 0.7872622 0.3313016 0.7872622 0.3313016 0.7872622 0.3313016 0.7872622 0.3313016 0.7872621 0.3313016 0.7872621 0.3313016 0.7872621 0.3313016 0.7872621 0.3313016 0.7872621 0.3313016 0.7872621 0.3313016 0.7872621 0.3313016 0.7872621 0.3313016 0.8074657 0.3313016 0.8074658 0.3313016 0.8074658 0.3313016 0.8074657 0.3313017 0.8074657 0.3313016 0.8074658 0.3313016 0.8074657 0.3313016 0.8074657 0.3313016 0.8074657 0.3313016 0.8074657 0.3313016 0.8074657 0.3313016 0.8074657 0.3313016 0.8074657 0.3313016 0.8074657 0.3313016 0.8074657 0.3313016 0.8074657 0.3313016 0.8074657 0.3313016 0.8074657 0.3313016 0.8074657 0.3313016 0.8074657 0.3313016 0.8074657 0.3313017 0.8074657 0.3313016 0.8074657 0.3313016 0.8074657 0.3313016 0.8074657 0.3313016 0.8074657 0.3313016 0.8074657 0.3313016 0.8074657 0.3313016 0.8074657 0.3313016 0.8074657 0.3313016 0.8074657 0.3313016 0.8074657 0.3313016 0.8074657 0.3313016 0.8074657 0.3313016 0.8074657 0.3313016 0.8074657 0.3313016 0.8074657 0.3313016 0.8074657 0.3313016 0.8074657 0.3313016 0.8074657 0.3313016 0.8074657 0.3313016 0.8074657 0.3313016 0.8074657 0.3313016 0.8074657 0.3313016 0.8074657 0.3313016 0.8074657 0.3313016 0.8074657 0.3313016 0.8074657 0.3313016 0.8074657 0.3313016 0.8074657 0.3325569 0.8614815 0.3325569 0.8614815 0.3325569 0.8614815 0.3325569 0.8614815 0.3313016 0.8074657 0.3313016 0.8074657 0.3313016 0.8074657 0.3313016 0.8074657 0.3313016 0.8074657 0.3313017 0.8074657 0.3313016 0.8074657 0.3313016 0.8074657 0.3313016 0.7872621 0.3313016 0.7872621 0.3313016 0.7872622 0.3313016 0.7872622 0.3313016 0.7872621 0.3313016 0.7872622 0.3313016 0.7872622 0.3313016 0.7872622 0.3313016 0.7872622 0.3313016 0.7872622 0.3313016 0.7872622 0.3313016 0.7872621 0.3313016 0.7872621 0.3313016 0.7872621 0.3313016 0.7872621 0.3313016 0.7872621 0.3313016 0.7872621 0.3313016 0.7872621 0.3313016 0.7872621 0.3313016 0.7872622 0.3313016 0.7872622 0.3313016 0.7872622 0.3313016 0.7872622 0.3313016 0.7872622 0.3313016 0.7872622 0.3313016 0.7872622 0.3313016 0.7872622 0.3313016 0.7872622 0.3313016 0.7872622 0.3313017 0.7872622 0.3313016 0.7872622 0.3313016 0.7872622 0.3313016 0.7872622 0.3313016 0.7872621 0.3313016 0.7872621 0.3313016 0.7872621 0.3313016 0.7872621 0.3313016 0.7872621 0.3313016 0.7872621 0.3313016 0.7872622 0.3313016 0.7872622 0.3313016 0.7872622 0.3313016 0.7872622 0.3313016 0.7872622 0.3313016 0.7872622 0.3313016 0.7872622 0.3313016 0.7872622 0.3313016 0.7872622 0.3313016 0.7872622 0.3313016 0.7872621 0.3313016 0.7872622 0.3313016 0.7872622 0.3313016 0.7872622 0.3313016 0.7872621 0.3313016 0.7872621 0.3313016 0.7872621 0.3313016 0.7872621 0.3313016 0.7872621 0.3313016 0.7872621 0.3313016 0.7872621 0.3313016 0.7872621 0.3313016 0.7872622 0.3313016 0.7872622 0.3313016 0.7872622 0.3313016 0.7872621 0.3313016 0.7872622 0.3313016 0.7872622 0.3313016 0.7872622 0.3313016 0.7872622 0.3313016 0.7872622 0.3313016 0.7872622 0.3313016 0.7872622 0.3313016 0.7872622 0.3313016 0.7872622 0.3313016 0.7872622 0.3325569 0.8614815 0.3325569 0.8614815 0.3325569 0.8614815 0.3325569 0.8614815 0.3325569 0.8614815 0.3325569 0.8614815 0.3325569 0.8614815 0.3325569 0.8614815 0.3313016 0.7872621 0.3313016 0.7872621 0.3313016 0.7872621 0.3313016 0.7872621 0.3313016 0.7872621 0.3313016 0.7872621 0.3313016 0.7872621 0.3313016 0.7872621  
	<TextureCoords1>: 0  
	<Normals>: 418 0.5555348 0.444725 0.7025673 0.5555348 0.444725 0.7025673 0.5555348 0.444725 0.7025673 0.3729991 0.7989694 0.47172 0.3729991 0.7989694 0.47172 0.3729991 0.7989694 0.47172 0.1341389 0.1569098 0.9784611 0.1341389 0.1569098 0.9784611 0.1341389 0.1569098 0.9784611 -0.09232512 0.1107403 0.9895517 -0.09232512 0.1107403 0.9895517 -0.09232512 0.1107403 0.9895517 0 0 1 0 0 1 0 0 1 0 0 1 0 0 1 0 0 1 0.03127739 0.5995588 -0.7997193 0.03127739 0.5995588 -0.7997193 -0.01244746 0.5998057 -0.8000488 -0.01244746 0.5998057 -0.8000488 -0.05614851 0.5989059 -0.7988486 -0.05614851 0.5989059 -0.7988486 0 0 -1 0 0 -1 0 0 -1 0 0 -1 0 0 -1 0 0 -1 0 -1 0 0 -1 0 0 -1 0 0 -1 0 0 -1 0 0 -1 0 -1 0 0 -1 0 0 -1 0 0 -1 0 0 1 0 0 1 0 0 1 0 0 1 0 0 0.4912702 -0.8710071 0 0.4912702 -0.8710071 0 0.4912702 -0.8710071 0 0.4912702 -0.8710071 0 0 -0.8032583 0.5956308 0 -0.8032583 0.5956308 0 -0.8032583 0.5956308 0 -0.8032583 0.5956308 0 -0.8032583 0.5956308 0 -0.8032583 0.5956308 -0.4912702 -0.8710071 0 -0.4912702 -0.8710071 0 -0.4912702 -0.8710071 0 -0.4912702 -0.8710071 0 0 -0.8032587 -0.5956303 0 -0.8032587 -0.5956303 0 -0.8032587 -0.5956303 0 -0.8032587 -0.5956303 0 -0.8032587 -0.5956303 0 -0.8032587 -0.5956303 0 0 1 0 0 1 0 0 1 0 0 1 0 0 1 0 0 1 1 0 0 1 0 0 1 0 0 1 0 0 0 0 -1 0 0 -1 0 0 -1 0 0 -1 -1 0 0 -1 0 0 -1 0 0 -1 0 0 0 0.8800439 0.4748924 0 0.8800439 0.4748924 0 0.8800439 0.4748924 0 0.8800439 0.4748924 0 0.8800439 0.4748923 0 0.8800439 0.4748923 0.3797151 0.9251035 0 0.3797152 0.9251035 0 0.3797152 0.9251035 0 0.3797151 0.9251035 0 0.3797151 0.9251035 0 0 0.8800442 -0.4748919 0 0.8800442 -0.4748919 0 0.8800442 -0.4748919 0 0.8800442 -0.4748919 0 0.8800442 -0.4748919 0 0.8800442 -0.4748919 0 0.8800442 -0.4748919 0 0.8800442 -0.4748919 -0.3797151 0.9251035 0 -0.3797151 0.9251035 0 -0.3797152 0.9251035 0 -0.3797151 0.9251035 0 -0.3797152 0.9251035 0 0.4892153 -0.8721631 0 0.4892153 -0.8721631 0 0.4892153 -0.8721631 0 0.4892153 -0.8721631 0 0 -0.8048267 0.5935099 0 -0.8048267 0.5935099 0 -0.8048267 0.5935099 0 -0.8048267 0.5935099 0 -0.8048267 0.5935099 0 -0.8048267 0.5935099 -0.4892153 -0.8721631 0 -0.4892153 -0.8721631 0 -0.4892153 -0.8721631 0 -0.4892153 -0.8721631 0 0 -0.804827 -0.5935094 0 -0.804827 -0.5935094 0 -0.804827 -0.5935094 0 -0.804827 -0.5935094 0 -0.8048271 -0.5935094 0 -0.8048271 -0.5935094 0 -0.8048271 -0.5935094 0.4775111 -0.8786258 0 0.4775111 -0.8786258 0 0.4775111 -0.8786258 0 0.4775111 -0.8786258 0 0 -0.6976955 0.7163945 0 -0.6976955 0.7163945 0 -0.6976955 0.7163945 0 -0.6976955 0.7163945 0 -0.6976955 0.7163945 0 -0.6976955 0.7163945 0 -0.6976955 0.7163945 -0.4775111 -0.8786258 0 -0.4775111 -0.8786258 0 -0.4775111 -0.8786258 0 -0.4775111 -0.8786258 0 0 -0.6976941 -0.7163958 0 -0.6976941 -0.7163958 0 -0.6976941 -0.7163958 0 -0.6976941 -0.7163958 0 -0.6976941 -0.7163958 0 -0.6976941 -0.7163958 0 0 1 0 0 1 0 0 1 0 0 1 0 0 1 0 0 1 1 0 0 1 0 0 1 0 0 1 0 0 1 0 0 -1 0 0 -1 0 0 -1 0 0 -1 0 0 -1 0 0 -1 0 0 -1 0 0 -1 0 0 0.5283418 0.8490317 0 0.5283418 0.8490317 0 0.5283418 0.8490317 0 0.5283418 0.8490317 0 0 0.7739832 0.6332062 0 0.7739832 0.6332062 0 0.7739832 0.6332062 0 0.7739832 0.6332062 0 0.7739832 0.6332062 0 0.7739832 0.6332062 0 0.7739832 0.6332062 -0.5283418 0.8490317 0 -0.5283418 0.8490317 0 -0.5283418 0.8490317 0 -0.5283418 0.8490317 0 0 0.7739826 -0.6332069 0 0.7739826 -0.6332069 0 0.7739826 -0.6332069 0 0.7739826 -0.6332069 0 0.7739826 -0.6332069 0 0.7739826 -0.6332069 1 0 0 1 0 0 1 0 0 1 0 0 0 0 1 0 0 1 0 0 1 0 0 1 0 0 1 0 0 1 -1 0 0 -1 0 0 -1 0 0 -1 0 0 0 0 -1 0 0 -1 0 0 -1 0 0 -1 0 0 -1 0 0 -1 0 1 0 0 1 0 0 1 0 0 1 0 0 1 0 0 1 0 0 1 0 0 1 0 0 1 0 0 1 0 0 1 0 0 1 0 0 1 0 0 1 0 0 1 0 0 1 0 0 1 0 0 0 -1 0 0 -1 0 0 -1 0 0 -1 0 0 -1 0 0 -1 1 0 0 1 0 0 1 0 0 1 0 0 1 0 0 1 0 0 1 0 0 1 0 0 1 0 0 1 0 0 1 0 0 1 0 0 1 0 0 1 0 0 1 0 0 0 0 1 0 0 1 0 0 1 0 0 1 0 0 1 0 0 1 -1 0 0 -1 0 0 -1 0 0 -1 0 0 -1 0 0 -1 0 0 -1 0 0 -1 0 0 -1 0 0 -1 0 0 -1 0 0 -1 0 0 -1 0 0 0 1 0 0 1 0 0 1 0 0 1 0 0 1 0 0 1 0 0.05831534 0.6317414 -0.7729826 0.05831534 0.6317414 -0.7729826 0.05831534 0.6317414 -0.7729826 0.05831534 0.6317414 -0.7729826 -0.05463301 0.5428915 -0.838024 -0.05463301 0.5428915 -0.838024 -0.01360362 0.5436532 -0.8391998 -0.01360362 0.5436532 -0.8391998 0.0274487 0.5434986 -0.8389611 0.0274487 0.5434986 -0.8389611 0 1 0 0 1 0 0 1 0 0 1 0 0 1 0 0 1 0 -0.02884999 0.6745618 0.7376544 -0.02884999 0.6745618 0.7376544 0.011484 0.6747982 0.737913 0.011484 0.6747982 0.737913 0.0517993 0.6739368 0.7369709 0.0517993 0.6739368 0.7369709 0 1 0 0 1 0 0 1 0 0 1 0 0 1 0 0 1 0 0.05424897 0.5519163 0.8321331 0.05424897 0.5519163 0.8321331 0.01350805 0.5526798 0.8332843 0.01350805 0.5526798 0.8332843 -0.02725532 0.5525248 0.8330507 -0.02725532 0.5525248 0.8330507 0 1 0 0 1 0 0 1 0 0 1 0 0 1 0 0 1 0 -0.05361503 0.7014702 0.7106792 -0.05361503 0.7014702 0.7106792 -0.05361503 0.7014702 0.7106792 -0.05361503 0.7014702 0.7106792 0 0 -1 0 0 -1 0 0 -1 0 0 -1 -0.06393091 0.6315238 -0.7727163 -0.06393091 0.6315238 -0.7727163 -0.06393091 0.6315238 -0.7727163 -0.06393091 0.6315238 -0.7727163 0.05878111 0.701266 0.7104722 0.05878111 0.701266 0.7104722 0.05878111 0.701266 0.7104722 0.05878111 0.701266 0.7104722 0 0 -1 0 0 -1 0 0 -1 0 0 -1 0 0 -1 0 0 -1 0 0 -1 0.5649425 0.8251303 0 0.5649425 0.8251303 0 0.5649425 0.8251303 0 0.5649425 0.8251303 0 0 0.6116106 0.791159 0 0.6116106 0.791159 0 0.6116105 0.791159 0 0.6116105 0.791159 0 0.6116105 0.791159 0 0.6116105 0.791159 0 0.6116105 0.791159 0 0.6116105 0.791159 -0.5649425 0.8251303 0 -0.5649425 0.8251303 0 -0.5649425 0.8251303 0 -0.5649425 0.8251303 0 0 0.6116097 -0.7911596 0 0.6116097 -0.7911596 0 0.6116097 -0.7911596 0 0.6116097 -0.7911596 0 0.6116097 -0.7911596 0 0.6116097 -0.7911596 -1 0 0 -1 0 0 -1 0 0 -1 0 0 0 0 1 0 0 1 0 0 1 0 0 1 0 0 1 0 0 1 1 0 0 1 0 0 1 0 0 1 0 0 0 0 -1 0 0 -1 0 0 -1 0 0 -1 0 0 -1 0 0 -1 1 0 0 1 0 0 1 0 0 1 0 0 0 0 1 0 0 1 0 0 1 0 0 1 0 0 1 0 0 1 0 0 1 0 0 1 -1 0 0 -1 0 0 -1 0 0 -1 0 0 0 0 -1 0 0 -1 0 0 -1 0 0 -1 0 0 -1 0 0 -1 0.3783342 0.8627378 -0.3354796 0.3783342 0.8627378 -0.3354796 0.3837588 0.8627074 -0.3293402 0.3728841 0.8627104 -0.3415965 -0.4716745 -0.1068886 -0.8752702 -0.4716745 -0.1068886 -0.8752702 -0.4716745 -0.1068886 -0.8752702 -0.4716745 -0.1068886 -0.8752702 0.4270308 0.1155022 -0.8968299 0.4270308 0.1155022 -0.8968299 0.4270308 0.1155022 -0.8968299 0.4270308 0.1155022 -0.8968299 0.1862101 0.7947001 0.5777349 0.1862101 0.7947001 0.5777349 0.1862101 0.7947001 0.5777349 0.1862101 0.7947001 0.5777349 -0.03738324 0.804229 -0.5931427 -0.03738324 0.804229 -0.5931427 -0.03738324 0.804229 -0.5931427 -0.03738324 0.804229 -0.5931427  
	<Tangents>: 418 -0.2758393 0.8956672 -0.3488452 -0.2758393 0.8956672 -0.3488452 -0.2758393 0.8956672 -0.3488452 0.9278318 -0.3211949 -0.1896369 0.9278318 -0.3211949 -0.1896369 0.9278318 -0.3211949 -0.1896369 0.9909626 -0.02123966 -0.1324467 0.9909626 -0.02123966 -0.1324467 0.9909626 -0.02123966 -0.1324467 0.9957289 0.01026797 0.09175237 0.9957289 0.01026797 0.09175237 0.9957289 0.01026797 0.09175237 1 0 0 1 0 0 1 0 0 1 0 0 1 0 0 1 0 0 0.9995108 -0.01876182 0.02502538 0.9995108 -0.01876182 0.02502538 0.9999226 0.007466635 -0.009959347 0.9999226 0.007466635 -0.009959347 0.9984224 0.03368081 -0.04492503 0.9984224 0.03368081 -0.04492503 1 0 0 1 0 0 1 0 0 1 0 0 1 0 0 1 0 0 1 0 0 1 0 0 1 0 0 1 0 0 1 0 0 1 0 0 0 1 0 0 1 0 0 1 0 0 1 0 0 1 0 0 1 0 0 1 0 0 1 0 0 0 1 0 0 1 0 0 1 0 0 1 1 0 0 1 0 0 1 0 0 1 0 0 1 0 0 1 0 0 0 0 1 0 0 1 0 0 1 0 0 1 1 0 0 1 0 0 1 0 0 1 0 0 1 0 0 1 0 0 1 0 0 1 0 0 1 0 0 1 0 0 1 0 0 1 0 0 0 1 0 0 1 0 0 1 0 0 1 0 1 0 0 1 0 0 1 0 0 1 0 0 0 1 0 0 1 0 0 1 0 0 1 0 1 0 0 1 0 0 1 0 0 1 0 0 1 0 0 1 0 0 0 0 1 0 0 1 0 0 1 0 0 1 0 0 1 1 0 0 1 0 0 1 0 0 1 0 0 1 0 0 1 0 0 1 0 0 1 0 0 0 0 1 0 0 1 0 0 1 0 0 1 0 0 1 0 0 1 0 0 1 0 0 1 0 0 1 1 0 0 1 0 0 1 0 0 1 0 0 1 0 0 1 0 0 0 0 1 0 0 1 0 0 1 0 0 1 1 0 0 1 0 0 1 0 0 1 0 0 1 0 0 1 0 0 1 0 0 0 0 1 0 0 1 0 0 1 0 0 1 1 0 0 1 0 0 1 0 0 1 0 0 1 0 0 1 0 0 1 0 0 0 0 1 0 0 1 0 0 1 0 0 1 1 0 0 1 0 0 1 0 0 1 0 0 1 0 0 1 0 0 1 0 0 1 0 0 1 0 0 1 0 0 1 0 0 1 0 0 0 1 0 0 1 0 0 1 0 0 1 0 0 1 0 0 1 0 0 1 0 0 1 0 0 1 0 0 1 0 0 1 0 0 1 0 0 1 0 0 0 1 0 0 1 0 0 1 0 0 1 1 0 0 1 0 0 1 0 0 1 0 0 1 0 0 1 0 0 1 0 0 0 0 1 0 0 1 0 0 1 0 0 1 1 0 0 1 0 0 1 0 0 1 0 0 1 0 0 1 0 0 0 1 0 0 1 0 0 1 0 0 1 0 1 0 0 1 0 0 1 0 0 1 0 0 1 0 0 1 0 0 0 1 0 0 1 0 0 1 0 0 1 0 1 0 0 1 0 0 1 0 0 1 0 0 1 0 0 1 0 0 1 0 0 1 0 0 1 0 0 1 0 0 1 0 0 1 0 0 1 0 0 1 0 0 1 0 0 1 0 0 1 0 0 1 0 0 1 0 0 1 0 0 1 0 0 1 0 0 1 0 0 1 0 0 1 0 0 1 0 0 1 0 0 1 0 0 1 0 0 0 1 0 0 1 0 0 1 0 0 1 0 0 1 0 0 1 0 0 1 0 0 1 0 0 1 0 0 1 0 0 1 0 0 1 0 0 1 0 0 1 0 0 1 0 1 0 0 1 0 0 1 0 0 1 0 0 1 0 0 1 0 0 0 1 0 0 1 0 0 1 0 0 1 0 0 1 0 0 1 0 0 1 0 0 1 0 0 1 0 0 1 0 0 1 0 0 1 0 0 1 0 1 0 0 1 0 0 1 0 0 1 0 0 1 0 0 1 0 0 0.9982982 -0.03690302 0.04515359 0.9982982 -0.03690302 0.04515359 0.9982982 -0.03690302 0.04515359 0.9982982 -0.03690302 0.04515359 0.9985065 0.02970416 -0.04585225 0.9985065 0.02970416 -0.04585225 0.9999074 0.007396336 -0.01141721 0.9999074 0.007396336 -0.01141721 0.9996232 -0.01492395 0.02303707 0.9996232 -0.01492395 0.02303707 1 0 0 1 0 0 1 0 0 1 0 0 1 0 0 1 0 0 0.9995837 0.01946921 0.02129019 0.9995837 0.01946921 0.02129019 0.9999341 -0.007749891 -0.008474749 0.9999341 -0.007749891 -0.008474749 0.9986575 -0.03495638 -0.03822589 0.9986575 -0.03495638 -0.03822589 1 0 0 1 0 0 1 0 0 1 0 0 1 0 0 1 0 0 0.9985275 -0.02998504 -0.04520893 0.9985275 -0.02998504 -0.04520893 0.9999087 -0.007466306 -0.01125707 0.9999087 -0.007466306 -0.01125707 0.9996285 0.01506484 0.0227135 0.9996285 0.01506484 0.0227135 1 0 0 1 0 0 1 0 0 1 0 0 1 0 0 1 0 0 0.9985616 0.03766352 0.03815797 0.9985616 0.03766352 0.03815797 0.9985616 0.03766352 0.03815797 0.9985616 0.03766352 0.03815797 1 0 0 1 0 0 1 0 0 1 0 0 0.9979544 0.04045665 -0.04950173 0.9979544 0.04045665 -0.04950173 0.9979544 0.04045665 -0.04950173 0.9979544 0.04045665 -0.04950173 0.9982709 -0.04129259 -0.04183469 0.9982709 -0.04129259 -0.04183469 0.9982709 -0.04129259 -0.04183469 0.9982709 -0.04129259 -0.04183469 1 0 0 1 0 0 1 0 0 1 0 0 1 0 0 1 0 0 1 0 0 0 0 1 0 0 1 0 0 1 0 0 1 1 0 0 1 0 0 1 0 0 1 0 0 1 0 0 1 0 0 1 0 0 1 0 0 0 0 1 0 0 1 0 0 1 0 0 1 1 0 0 1 0 0 1 0 0 1 0 0 1 0 0 1 0 0 0 1 0 0 1 0 0 1 0 0 1 0 1 0 0 1 0 0 1 0 0 1 0 0 1 0 0 1 0 0 0 1 0 0 1 0 0 1 0 0 1 0 1 0 0 1 0 0 1 0 0 1 0 0 1 0 0 1 0 0 0 1 0 0 1 0 0 1 0 0 1 0 1 0 0 1 0 0 1 0 0 1 0 0 1 0 0 1 0 0 1 0 0 1 0 0 0 1 0 0 1 0 0 1 0 0 1 0 1 0 0 1 0 0 1 0 0 1 0 0 1 0 0 1 0 0 0.1347314 0.3072361 0.9420475 0.1347314 0.3072361 0.9420475 0.1338548 0.3009118 0.9442114 0.1355284 0.3135606 0.9398467 -0.05070715 0.994271 -0.09409551 -0.05070715 0.994271 -0.09409551 -0.05070715 0.994271 -0.09409551 -0.05070715 0.994271 -0.09409551 -0.04965531 0.9933072 0.1042837 -0.04965531 0.9933072 0.1042837 -0.04965531 0.9933072 0.1042837 -0.04965531 0.9933072 0.1042837 0.98251 -0.1506154 -0.1094951 0.98251 -0.1506154 -0.1094951 0.98251 -0.1506154 -0.1094951 0.98251 -0.1506154 -0.1094951 0.999301 0.03008571 -0.02218911 0.999301 0.03008571 -0.02218911 0.999301 0.03008571 -0.02218911 0.999301 0.03008571 -0.02218911  
	<BiTangents>: 418 0.7844067 3.677485E-10 -0.6202469 0.7844067 3.677485E-10 -0.6202469 0.7844067 3.677485E-10 -0.6202469 -7.094619E-09 -0.5084111 0.8611145 -7.094619E-09 -0.5084111 0.8611145 -7.094619E-09 -0.5084111 0.8611145 -2.482586E-09 0.9873846 -0.1583408 -2.482586E-09 0.9873846 -0.1583408 -2.482586E-09 0.9873846 -0.1583408 2.647382E-10 0.9937963 -0.1112153 2.647382E-10 0.9937963 -0.1112153 2.647382E-10 0.9937963 -0.1112153 0 1 0 0 1 0 0 1 0 0 1 0 0 1 0 0 1 0 5.941903E-11 0.8001108 0.5998523 5.941903E-11 0.8001108 0.5998523 2.516042E-10 0.8001109 0.5998522 2.516042E-10 0.8001109 0.5998522 -4.743614E-10 0.8001108 0.5998522 -4.743614E-10 0.8001108 0.5998522 0 1 0 0 1 0 0 1 0 0 1 0 0 1 0 0 1 0 0 0 1 0 0 1 0 0 1 0 0 1 0 0 1 0 0 1 0 0 1 0 0 1 0 0 1 0 0 1 0 0 1 0 0 1 0 0 1 0 0 1 0.8710072 0.4912702 0 0.8710072 0.4912702 0 0.8710072 0.4912702 0 0.8710072 0.4912702 0 0 0.5956308 0.8032583 0 0.5956308 0.8032583 0 0.5956308 0.8032583 0 0.5956308 0.8032583 0 0.5956308 0.8032583 0 0.5956308 0.8032583 0.8710072 -0.4912702 0 0.8710072 -0.4912702 0 0.8710072 -0.4912702 0 0.8710072 -0.4912702 0 0 -0.5956303 0.8032587 0 -0.5956303 0.8032587 0 -0.5956303 0.8032587 0 -0.5956303 0.8032587 0 -0.5956303 0.8032587 0 -0.5956303 0.8032587 0 1 0 0 1 0 0 1 0 0 1 0 0 1 0 0 1 0 0 0 1 0 0 1 0 0 1 0 0 1 0 1 0 0 1 0 0 1 0 0 1 0 0 0 1 0 0 1 0 0 1 0 0 1 0 -0.4748924 0.8800439 0 -0.4748924 0.8800439 0 -0.4748924 0.8800439 0 -0.4748924 0.8800439 0 -0.4748923 0.8800439 0 -0.4748923 0.8800439 0.9251035 -0.3797151 0 0.9251035 -0.3797152 0 0.9251035 -0.3797152 0 0.9251035 -0.3797151 0 0.9251035 -0.3797151 0 0 0.4748919 0.8800442 0 0.4748919 0.8800442 0 0.4748919 0.8800442 0 0.4748919 0.8800442 0 0.4748919 0.8800442 0 0.4748919 0.8800442 0 0.4748919 0.8800442 0 0.4748919 0.8800442 0.9251035 0.3797151 0 0.9251035 0.3797151 0 0.9251035 0.3797152 0 0.9251035 0.3797151 0 0.9251035 0.3797152 0 0.8721631 0.4892153 0 0.8721631 0.4892153 0 0.8721631 0.4892153 0 0.8721631 0.4892153 0 0 0.5935099 0.8048267 0 0.5935099 0.8048267 0 0.5935099 0.8048267 0 0.5935099 0.8048267 0 0.5935099 0.8048267 0 0.5935099 0.8048267 0.8721631 -0.4892153 0 0.8721631 -0.4892153 0 0.8721631 -0.4892153 0 0.8721631 -0.4892153 0 0 -0.5935094 0.804827 0 -0.5935094 0.804827 0 -0.5935094 0.804827 0 -0.5935094 0.804827 0 -0.5935094 0.8048271 0 -0.5935094 0.8048271 0 -0.5935094 0.8048271 0.8786258 0.4775111 0 0.8786258 0.4775111 0 0.8786258 0.4775111 0 0.8786258 0.4775111 0 0 0.7163945 0.6976955 0 0.7163945 0.6976955 0 0.7163945 0.6976955 0 0.7163945 0.6976955 0 0.7163945 0.6976955 0 0.7163945 0.6976955 0 0.7163945 0.6976955 0.8786258 -0.4775111 0 0.8786258 -0.4775111 0 0.8786258 -0.4775111 0 0.8786258 -0.4775111 0 0 0.7163958 -0.6976941 0 0.7163958 -0.6976941 0 0.7163958 -0.6976941 0 0.7163958 -0.6976941 0 0.7163958 -0.6976941 0 0.7163958 -0.6976941 0 1 0 0 1 0 0 1 0 0 1 0 0 1 0 0 1 0 0 0 1 0 0 1 0 0 1 0 0 1 0 0 1 0 0 1 0 0 1 0 0 1 0 0 1 0 0 1 0 0 1 0 0 1 0 0 1 0.8490317 -0.5283418 0 0.8490317 -0.5283418 0 0.8490317 -0.5283418 0 0.8490317 -0.5283418 0 0 -0.6332062 0.7739832 0 -0.6332062 0.7739832 0 -0.6332062 0.7739832 0 -0.6332062 0.7739832 0 -0.6332062 0.7739832 0 -0.6332062 0.7739832 0 -0.6332062 0.7739832 0.8490317 0.5283418 0 0.8490317 0.5283418 0 0.8490317 0.5283418 0 0.8490317 0.5283418 0 0 0.6332069 0.7739826 0 0.6332069 0.7739826 0 0.6332069 0.7739826 0 0.6332069 0.7739826 0 0.6332069 0.7739826 0 0.6332069 0.7739826 0 0 1 0 0 1 0 0 1 0 0 1 0 1 0 0 1 0 0 1 0 0 1 0 0 1 0 0 1 0 0 0 1 0 0 1 0 0 1 0 0 1 0 1 0 0 1 0 0 1 0 0 1 0 0 1 0 0 1 0 0 0 1 0 0 1 0 0 1 0 0 1 0 0 1 0 0 1 0 0 1 0 0 1 0 0 1 0 0 1 0 0 1 0 0 1 0 0 1 0 0 1 0 0 1 0 0 1 0 0 1 0 1 0 0 1 0 0 1 0 0 1 0 0 1 0 0 1 0 0 0 1 0 0 1 0 0 1 0 0 1 0 0 1 0 0 1 0 0 1 0 0 1 0 0 1 0 0 1 0 0 1 0 0 1 0 0 1 0 0 1 0 0 1 0 1 0 0 1 0 0 1 0 0 1 0 0 1 0 0 1 0 0 0 1 0 0 1 0 0 1 0 0 1 0 0 1 0 0 1 0 0 1 0 0 1 0 0 1 0 0 1 0 0 1 0 0 1 0 0 1 0 0 1 0 0 1 0 0 1 0 0 1 0 0 1 0 0 1 1.106869E-09 0.7743003 0.6328183 1.106869E-09 0.7743003 0.6328183 1.106869E-09 0.7743003 0.6328183 1.106869E-09 0.7743003 0.6328183 5.468879E-10 0.8392773 0.5437035 5.468879E-10 0.8392773 0.5437035 -1.133516E-10 0.8392774 0.5437035 -1.133516E-10 0.8392774 0.5437035 -1.081156E-09 0.8392774 0.5437034 -1.081156E-09 0.8392774 0.5437034 0 0 1 0 0 1 0 0 1 0 0 1 0 0 1 0 0 1 -5.518175E-10 0.7379616 -0.6748427 -5.518175E-10 0.7379616 -0.6748427 -1.236161E-10 0.7379616 -0.6748427 -1.236161E-10 0.7379616 -0.6748427 5.781708E-11 0.7379616 -0.6748428 5.781708E-11 0.7379616 -0.6748428 0 0 1 0 0 1 0 0 1 0 0 1 0 0 1 0 0 1 1.533071E-10 0.8333602 -0.5527302 1.533071E-10 0.8333602 -0.5527302 4.386705E-11 0.8333603 -0.5527302 4.386705E-11 0.8333603 -0.5527302 -1.185375E-09 0.8333603 -0.5527301 -1.185375E-09 0.8333603 -0.5527301 0 0 1 0 0 1 0 0 1 0 0 1 0 0 1 0 0 1 4.668377E-11 0.7117029 -0.7024806 4.668377E-11 0.7117029 -0.7024806 4.668377E-11 0.7117029 -0.7024806 4.668377E-11 0.7117029 -0.7024806 0 1 0 0 1 0 0 1 0 0 1 0 2.250868E-09 0.7743003 0.6328183 2.250868E-09 0.7743003 0.6328183 2.250868E-09 0.7743003 0.6328183 2.250868E-09 0.7743003 0.6328183 -2.101934E-09 0.7117029 -0.7024807 -2.101934E-09 0.7117029 -0.7024807 -2.101934E-09 0.7117029 -0.7024807 -2.101934E-09 0.7117029 -0.7024807 0 1 0 0 1 0 0 1 0 0 1 0 0 1 0 0 1 0 0 1 0 0.8251303 -0.5649425 0 0.8251303 -0.5649425 0 0.8251303 -0.5649425 0 0.8251303 -0.5649425 0 0 0.791159 -0.6116106 0 0.791159 -0.6116106 0 0.791159 -0.6116105 0 0.791159 -0.6116105 0 0.791159 -0.6116105 0 0.791159 -0.6116105 0 0.791159 -0.6116105 0 0.791159 -0.6116105 0.8251303 0.5649425 0 0.8251303 0.5649425 0 0.8251303 0.5649425 0 0.8251303 0.5649425 0 0 0.7911596 0.6116097 0 0.7911596 0.6116097 0 0.7911596 0.6116097 0 0.7911596 0.6116097 0 0.7911596 0.6116097 0 0.7911596 0.6116097 0 0 1 0 0 1 0 0 1 0 0 1 0 1 0 0 1 0 0 1 0 0 1 0 0 1 0 0 1 0 0 0 1 0 0 1 0 0 1 0 0 1 0 1 0 0 1 0 0 1 0 0 1 0 0 1 0 0 1 0 0 0 1 0 0 1 0 0 1 0 0 1 0 1 0 0 1 0 0 1 0 0 1 0 0 1 0 0 1 0 0 1 0 0 1 0 0 0 1 0 0 1 0 0 1 0 0 1 0 1 0 0 1 0 0 1 0 0 1 0 0 1 0 0 1 0 0.9158115 -0.4016084 4.507389E-09 0.9158115 -0.4016084 4.507389E-09 0.9136804 -0.4064332 -4.445238E-09 0.9179267 -0.3967499 -8.10313E-09 0.8803136 2.594633E-09 -0.4743923 0.8803136 2.594633E-09 -0.4743923 0.8803136 2.594633E-09 -0.4743923 0.8803136 2.594633E-09 -0.4743923 0.9028727 5.474817E-10 0.4299081 0.9028727 5.474817E-10 0.4299081 0.9028727 5.474817E-10 0.4299081 0.9028727 5.474817E-10 0.4299081 8.239209E-10 -0.5880194 0.8088469 8.239209E-10 -0.5880194 0.8088469 8.239209E-10 -0.5880194 0.8088469 8.239209E-10 -0.5880194 0.8088469 1.523648E-09 0.5935577 0.8047915 1.523648E-09 0.5935577 0.8047915 1.523648E-09 0.5935577 0.8047915 1.523648E-09 0.5935577 0.8047915  
	<SubMeshes>: 1
		<SubMesh>: 0 780 0 1 2 3 4 5 6 7 8 9 10 11 12 13 14 12 14 15 14 16 15 14 17 16 18 19 20 18 20 21 20 22 21 20 23 22 24 25 26 24 26 27 26 28 27 26 29 28 30 31 32 30 32 33 32 34 33 32 35 34 36 37 38 36 38 39 40 41 42 40 42 43 44 45 46 44 46 47 48 49 50 48 50 51 50 52 51 50 53 52 54 55 56 54 56 57 58 59 60 58 60 61 60 62 61 60 63 62 64 65 66 64 66 67 66 68 67 66 69 68 70 71 72 70 72 73 74 75 76 74 76 77 78 79 80 78 80 81 82 83 84 82 85 83 85 86 83 85 87 86 88 89 90 88 91 89 88 92 91 93 94 95 93 95 96 97 93 96 98 99 95 98 100 99 101 102 103 103 104 101 103 105 104 106 107 108 106 108 109 110 111 112 110 112 113 112 114 113 112 115 114 116 117 118 116 118 119 120 121 122 120 122 123 122 124 125 122 125 126 127 128 129 127 129 130 131 132 133 131 133 134 135 134 133 136 135 133 133 137 136 138 139 140 138 140 141 142 143 144 142 144 145 146 145 144 146 147 145 148 149 150 148 150 151 150 152 151 150 153 152 154 155 156 154 156 157 158 154 157 159 160 161 159 161 162 163 159 162 164 163 162 165 164 162 165 166 164 167 168 169 167 169 170 171 172 173 171 173 174 174 173 175 175 176 174 176 177 174 178 179 180 178 180 181 182 183 184 182 184 185 184 186 185 184 187 186 188 189 190 188 190 191 192 193 194 192 194 195 194 196 195 194 197 196 198 199 200 198 200 201 202 203 204 202 204 205 204 206 205 204 207 206 208 209 210 208 211 209 209 211 212 209 212 213 212 214 213 212 215 214 215 216 217 215 218 216 216 218 219 216 219 220 219 221 220 219 222 221 221 222 223 221 223 224 225 226 227 225 227 228 227 229 228 227 230 229 231 232 233 234 231 233 235 234 233 234 235 236 237 235 233 238 237 233 237 238 239 233 240 238 240 241 242 240 243 241 244 241 243 244 245 241 246 247 248 246 248 249 250 246 249 250 251 246 252 253 254 254 255 252 255 254 256 255 257 252 257 258 252 258 257 259 258 260 252 260 261 252 261 260 262 261 263 252 263 264 252 265 266 267 265 267 268 267 269 268 267 270 269 271 272 273 271 273 274 275 276 277 275 277 278 277 279 278 277 280 279 281 282 283 281 283 284 283 285 284 283 286 285 287 288 289 287 289 290 289 291 290 289 292 291 293 294 295 293 295 296 295 297 296 295 298 297 299 300 301 299 301 302 301 303 302 301 304 303 305 306 307 305 307 308 307 309 308 307 310 309 311 312 313 311 313 314 315 316 317 315 317 318 319 320 321 319 321 322 323 324 325 323 325 326 327 328 329 327 329 330 331 327 330 331 330 332 333 331 332 334 335 336 334 336 337 338 339 340 338 340 341 341 340 342 343 344 342 343 345 344 346 347 348 346 348 349 350 351 352 350 352 353 354 353 352 354 355 353 356 357 358 356 358 359 360 361 362 360 362 363 364 360 363 364 365 360 366 367 368 366 368 369 370 371 372 370 372 373 374 373 372 374 375 373 376 377 378 376 378 379 380 381 382 380 382 383 384 383 382 385 386 384 385 384 387 388 389 390 388 390 391 392 393 394 392 394 395 396 392 395 396 397 392 398 399 400 399 398 401 402 403 404 402 404 405 406 407 408 406 408 409 410 411 412 410 412 413 414 415 416 414 416 417  
</Mesh>
