<Mesh>: 200 SM_Prop_Crate_05
	<Bounds>: 0 0.1817065 0 0.5069103 0.1817065 0.2879966
	<Positions>: 200 -0.2536194 0 0.2879966 -0.2536194 0.3634129 0.2879966 -0.3650107 0.3634129 0.2879966 -0.3650107 0 0.2879966 -0.2536194 0.3634129 0.2879966 -0.2536194 0.3634129 -0.2879966 -0.3650107 0.3634129 -0.2879966 -0.3650107 0.3634129 0.2879966 -0.2536194 0.3634129 -0.2879966 -0.2536194 0 -0.2879966 -0.3650107 0 -0.2879966 -0.3650107 0.3634129 -0.2879966 -0.2536194 0 -0.2879966 -0.2536194 0 0.2879966 -0.3650107 0 0.2879966 -0.3650107 0 -0.2879966 -0.3650107 0 0.2879966 -0.3650107 0.3634129 0.2879966 -0.3650107 0.3634129 -0.2879966 -0.3650107 0 -0.2879966 -0.2536194 0 -0.2879966 -0.2536194 0.3634129 -0.2879966 -0.2536194 0.3634129 0.2879966 -0.2536194 0 0.2879966 0.3901303 0 0.2879966 0.3901303 0.3634129 0.2879966 0.278739 0.3634129 0.2879966 0.278739 0 0.2879966 0.3901303 0.3634129 0.2879966 0.3901303 0.3634129 -0.2879966 0.278739 0.3634129 -0.2879966 0.278739 0.3634129 0.2879966 0.3901303 0.3634129 -0.2879966 0.3901303 0 -0.2879966 0.278739 0 -0.2879966 0.278739 0.3634129 -0.2879966 0.3901303 0 -0.2879966 0.3901303 0 0.2879966 0.278739 0 0.2879966 0.278739 0 -0.2879966 0.278739 0 0.2879966 0.278739 0.3634129 0.2879966 0.278739 0.3634129 -0.2879966 0.278739 0 -0.2879966 0.3901303 0 -0.2879966 0.3901303 0.3634129 -0.2879966 0.3901303 0.3634129 0.2879966 0.3901303 0 0.2879966 0.4846989 0.1739341 0.2556405 0.5069103 0.1886603 0.2673553 -0.5069103 0.1886603 0.2673553 -0.4846989 0.1739341 0.2556405 0.493744 0.3408498 0.1190203 0.493744 0.3408498 0.01465738 -0.493744 0.3408498 0.01465738 -0.493744 0.3408498 0.1190203 0.5069103 0.3176512 -0.2673553 0.5069103 0.1886603 -0.2673553 -0.5069103 0.1886603 -0.2673553 -0.5069103 0.3176512 -0.2673553 0.5069103 0.02312747 -0.2673553 0.5069103 0.02312747 0.2673553 -0.5069103 0.02312747 0.2673553 -0.5069103 0.02312747 -0.2673553 -0.4846989 0.1739341 0.2556405 -0.5069103 0.1886603 0.2673553 -0.5069103 0.1886603 -0.2673553 -0.4846989 0.1739341 -0.2556405 0.5069103 0.3176512 0.2673553 0.5069103 0.1886603 0.2673553 0.5069103 0.1886603 -0.2673553 0.5069103 0.3176512 -0.2673553 0.5069103 0.3176512 -0.2673553 0.5069103 0.3176512 0.1336776 0.5069103 0.3176512 0.2673553 0.5069103 0.3176512 0 0.5069103 0.3176512 -0.1336776 0.493744 0.3408498 -0.01465738 0.493744 0.3408498 -0.1190203 -0.493744 0.3408498 -0.1190203 -0.493744 0.3408498 -0.01465738 0.493744 0.3408498 -0.148335 0.493744 0.3408498 -0.2526979 -0.493744 0.3408498 -0.2526979 -0.493744 0.3408498 -0.148335 0.493744 0.3408498 0.2526979 0.493744 0.3408498 0.148335 -0.493744 0.3408498 0.148335 -0.493744 0.3408498 0.2526979 0.5069103 0.3176512 0.1336776 0.493744 0.3408498 0.1190203 -0.493744 0.3408498 0.1190203 -0.5069103 0.3176512 0.1336776 -0.5069103 0.3176512 0.1336776 -0.493744 0.3408498 0.1190203 -0.493744 0.3408498 0.01465738 -0.5069103 0.3176512 0 -0.5069103 0.3176512 0.2673553 -0.493744 0.3408498 0.148335 -0.493744 0.3408498 0.2526979 -0.493744 0.3408498 -0.01465738 -0.493744 0.3408498 -0.1190203 -0.5069103 0.3176512 -0.1336776 -0.493744 0.3408498 -0.148335 -0.493744 0.3408498 -0.2526979 -0.5069103 0.3176512 -0.2673553 -0.5069103 0.3176512 0 -0.493744 0.3408498 0.01465738 0.493744 0.3408498 0.01465738 0.5069103 0.3176512 0 0.5069103 0.3176512 0 0.493744 0.3408498 0.01465738 0.493744 0.3408498 0.1190203 0.5069103 0.3176512 0.1336776 0.493744 0.3408498 0.148335 0.493744 0.3408498 0.2526979 0.5069103 0.3176512 0.2673553 0.5069103 0.3176512 -0.1336776 0.493744 0.3408498 -0.01465738 0.493744 0.3408498 -0.1190203 0.5069103 0.3176512 -0.2673553 0.493744 0.3408498 -0.148335 0.493744 0.3408498 -0.2526979 0.5069103 0.3176512 -0.1336776 0.493744 0.3408498 -0.148335 -0.493744 0.3408498 -0.148335 -0.5069103 0.3176512 -0.1336776 -0.5069103 0.3176512 -0.2673553 -0.493744 0.3408498 -0.2526979 0.493744 0.3408498 -0.2526979 0.5069103 0.3176512 -0.2673553 0.5069103 0.3176512 0 0.493744 0.3408498 -0.01465738 -0.493744 0.3408498 -0.01465738 -0.5069103 0.3176512 0 -0.5069103 0.3176512 -0.1336776 -0.493744 0.3408498 -0.1190203 0.493744 0.3408498 -0.1190203 0.5069103 0.3176512 -0.1336776 0.5069103 0.3176512 0.2673553 0.493744 0.3408498 0.2526979 -0.493744 0.3408498 0.2526979 -0.5069103 0.3176512 0.2673553 -0.5069103 0.3176512 0.1336776 -0.493744 0.3408498 0.148335 0.493744 0.3408498 0.148335 0.5069103 0.3176512 0.1336776 0.5069103 0.1886603 0.2673553 0.5069103 0.3176512 0.2673553 -0.5069103 0.3176512 0.2673553 -0.5069103 0.1886603 0.2673553 0.5069103 0.1886603 -0.2673553 0.4846989 0.1739341 -0.2556405 -0.4846989 0.1739341 -0.2556405 -0.5069103 0.1886603 -0.2673553 -0.5069103 0.3176512 -0.2673553 -0.5069103 0.1886603 -0.2673553 -0.5069103 0.1886603 0.2673553 -0.5069103 0.3176512 0.2673553 -0.5069103 0.3176512 0.2673553 -0.5069103 0.3176512 -0.1336776 -0.5069103 0.3176512 -0.2673553 -0.5069103 0.3176512 0 -0.5069103 0.3176512 0.1336776 0.4846989 0.1739341 -0.2556405 0.5069103 0.1886603 -0.2673553 0.5069103 0.1886603 0.2673553 0.4846989 0.1739341 0.2556405 0.4846989 0.1739341 -0.2556405 0.5069103 0.1606806 -0.2673553 -0.5069103 0.1606806 -0.2673553 -0.4846989 0.1739341 -0.2556405 0.5069103 0.1606806 -0.2673553 0.4846989 0.1739341 -0.2556405 0.4846989 0.1739341 0.2556405 0.5069103 0.1606806 0.2673553 0.5069103 0.1606806 0.2673553 0.4846989 0.1739341 0.2556405 -0.4846989 0.1739341 0.2556405 -0.5069103 0.1606806 0.2673553 -0.5069103 0.1606806 0.2673553 -0.4846989 0.1739341 0.2556405 -0.4846989 0.1739341 -0.2556405 -0.5069103 0.1606806 -0.2673553 0.5069103 0.1606806 -0.2673553 0.5069103 0.02312747 -0.2673553 -0.5069103 0.02312747 -0.2673553 -0.5069103 0.1606806 -0.2673553 0.5069103 0.02312747 -0.2673553 0.5069103 0.1606806 -0.2673553 0.5069103 0.1606806 0.2673553 0.5069103 0.02312747 0.2673553 0.5069103 0.02312747 0.2673553 0.5069103 0.1606806 0.2673553 -0.5069103 0.1606806 0.2673553 -0.5069103 0.02312747 0.2673553 -0.5069103 0.02312747 0.2673553 -0.5069103 0.1606806 0.2673553 -0.5069103 0.1606806 -0.2673553 -0.5069103 0.02312747 -0.2673553  
	<Colors>: 0  
	<TextureCoords0>: 200 0.3347971 0.8548826 0.3347971 0.8548826 0.3347971 0.8548826 0.3347971 0.8548826 0.3347971 0.8548826 0.3347971 0.8548826 0.3347971 0.8548826 0.3347971 0.8548826 0.3347971 0.8548826 0.3347971 0.8548826 0.3347971 0.8548826 0.3347971 0.8548826 0.3347971 0.8548826 0.3347971 0.8548826 0.3347971 0.8548826 0.3347971 0.8548826 0.3347971 0.8548826 0.3347971 0.8548826 0.3347971 0.8548826 0.3347971 0.8548826 0.3347971 0.8548826 0.3347971 0.8548826 0.3347971 0.8548826 0.3347971 0.8548826 0.3347971 0.8548826 0.3347971 0.8548826 0.3347971 0.8548826 0.3347971 0.8548826 0.3347971 0.8548826 0.3347971 0.8548826 0.3347971 0.8548826 0.3347971 0.8548826 0.3347971 0.8548826 0.3347971 0.8548826 0.3347971 0.8548826 0.3347971 0.8548826 0.3347971 0.8548826 0.3347971 0.8548826 0.3347971 0.8548826 0.3347971 0.8548826 0.3347971 0.8548826 0.3347971 0.8548826 0.3347971 0.8548826 0.3347971 0.8548826 0.3347971 0.8548826 0.3347971 0.8548826 0.3347971 0.8548826 0.3347971 0.8548826 0.3300174 0.8148531 0.3300174 0.8148531 0.3300175 0.8148531 0.3300175 0.8148531 0.3300174 0.8148531 0.3300174 0.8148531 0.3300175 0.8148531 0.3300175 0.8148531 0.3300174 0.8148531 0.3300174 0.8148531 0.3300175 0.8148531 0.3300175 0.8148531 0.3300174 0.8148531 0.3300174 0.8148531 0.3300175 0.8148531 0.3300175 0.8148531 0.3300175 0.8148531 0.3300175 0.8148531 0.3300174 0.8148531 0.3300174 0.8148531 0.3300174 0.8148531 0.3300174 0.8148531 0.3300174 0.8148531 0.3300174 0.8148531 0.3300174 0.8148531 0.3300174 0.8148531 0.3300174 0.8148531 0.3300174 0.8148531 0.3300174 0.8148531 0.3300174 0.8148531 0.3300174 0.8148531 0.3300175 0.8148531 0.3300175 0.8148531 0.3300174 0.8148531 0.3300174 0.8148531 0.3300175 0.8148531 0.3300175 0.8148531 0.3300174 0.8148531 0.3300174 0.8148531 0.3300175 0.8148531 0.3300175 0.8148531 0.3300174 0.8148531 0.3300174 0.8148531 0.3300175 0.8148531 0.3300175 0.8148531 0.3300175 0.8148531 0.3300175 0.8148531 0.3300175 0.8148531 0.3300175 0.8148531 0.3300175 0.8148531 0.3300175 0.8148531 0.3300175 0.8148531 0.3300175 0.8148531 0.3300175 0.8148531 0.3300175 0.8148531 0.3300175 0.8148531 0.3300175 0.8148531 0.3300175 0.8148531 0.3300175 0.8148531 0.3300175 0.8148531 0.3300174 0.8148531 0.3300174 0.8148531 0.3300174 0.8148531 0.3300174 0.8148531 0.3300174 0.8148531 0.3300174 0.8148531 0.3300174 0.8148531 0.3300174 0.8148531 0.3300174 0.8148531 0.3300174 0.8148531 0.3300174 0.8148531 0.3300174 0.8148531 0.3300174 0.8148531 0.3300174 0.8148531 0.3300174 0.8148531 0.3300174 0.8148531 0.3300174 0.8148531 0.3300175 0.8148531 0.3300175 0.8148531 0.3300175 0.8148531 0.3300175 0.8148531 0.3300174 0.8148531 0.3300174 0.8148531 0.3300174 0.8148531 0.3300174 0.8148531 0.3300175 0.8148531 0.3300175 0.8148531 0.3300175 0.8148531 0.3300175 0.8148531 0.3300174 0.8148531 0.3300174 0.8148531 0.3300174 0.8148531 0.3300174 0.8148531 0.3300175 0.8148531 0.3300175 0.8148531 0.3300175 0.8148531 0.3300175 0.8148531 0.3300174 0.8148531 0.3300174 0.8148531 0.3300174 0.8148531 0.3300174 0.8148531 0.3300175 0.8148531 0.3300175 0.8148531 0.3300174 0.8148531 0.3300174 0.8148531 0.3300175 0.8148531 0.3300175 0.8148531 0.3300174 0.8148531 0.3300174 0.8148531 0.3300175 0.8148531 0.3300175 0.8148531 0.3300175 0.8148531 0.3300175 0.8148531 0.3300174 0.8148531 0.3300174 0.8148531 0.3300174 0.8148531 0.3300174 0.8148531 0.3300174 0.8148531 0.3300174 0.8148531 0.3300174 0.8148531 0.3300174 0.8148531 0.3300174 0.8148531 0.3300175 0.8148531 0.3300175 0.8148531 0.3300174 0.8148531 0.3300174 0.8148531 0.3300174 0.8148531 0.3300174 0.8148531 0.3300174 0.8148531 0.3300174 0.8148531 0.3300175 0.8148531 0.3300175 0.8148531 0.3300175 0.8148531 0.3300175 0.8148531 0.3300174 0.8148531 0.3300174 0.8148531 0.3300174 0.8148531 0.3300174 0.8148531 0.3300175 0.8148531 0.3300175 0.8148531 0.3300174 0.8148531 0.3300174 0.8148531 0.3300174 0.8148531 0.3300174 0.8148531 0.3300174 0.8148531 0.3300174 0.8148531 0.3300175 0.8148531 0.3300175 0.8148531 0.3300175 0.8148531 0.3300175 0.8148531 0.3300174 0.8148531 0.3300174 0.8148531  
	<TextureCoords1>: 0  
	<Normals>: 200 0 0 1 0 0 1 0 0 1 0 0 1 0 1 0 0 1 0 0 1 0 0 1 0 0 0 -1 0 0 -1 0 0 -1 0 0 -1 0 -1 0 0 -1 0 0 -1 0 0 -1 0 -1 0 0 -1 0 0 -1 0 0 -1 0 0 1 0 0 1 0 0 1 0 0 1 0 0 0 0 1 0 0 1 0 0 1 0 0 1 0 1 0 0 1 0 0 1 0 0 1 0 0 0 -1 0 0 -1 0 0 -1 0 0 -1 0 -1 0 0 -1 0 0 -1 0 0 -1 0 -1 0 0 -1 0 0 -1 0 0 -1 0 0 1 0 0 1 0 0 1 0 0 1 0 0 0 -0.6225476 0.7825819 0 -0.6225476 0.7825819 0 -0.6225476 0.7825819 0 -0.6225476 0.7825819 0 1 0 0 1 0 0 1 0 0 1 0 0 0 -1 0 0 -1 0 0 -1 0 0 -1 0 -1 0 0 -1 0 0 -1 0 0 -1 0 -0.5525841 -0.8334572 0 -0.5525841 -0.8334572 0 -0.5525841 -0.8334572 0 -0.5525841 -0.8334572 0 1 0 0 1 0 0 1 0 0 1 0 0 0 1 0 0 1 0 0 1 0 0 1 0 0 1 0 0 1 0 0 1 0 0 1 0 0 1 0 0 1 0 0 1 0 0 1 0 0 1 0 0 1 0 0 1 0 0 1 0 0 1 0 0 0.5341394 0.8453964 0 0.5341394 0.8453964 0 0.5341394 0.8453964 0 0.5341394 0.8453964 -0.8696939 0.4935914 0 -0.8696939 0.4935914 0 -0.8696939 0.4935914 0 -0.8696939 0.4935914 0 -0.8696939 0.4935914 0 -0.8696939 0.4935914 0 -0.8696939 0.4935914 0 -0.8696939 0.4935914 0 -0.8696939 0.4935914 0 -0.8696939 0.4935914 0 -0.8696939 0.4935914 0 -0.8696939 0.4935914 0 -0.8696939 0.4935914 0 0 0.5341396 -0.8453963 0 0.5341396 -0.8453963 0 0.5341396 -0.8453963 0 0.5341396 -0.8453963 0.8696939 0.4935914 0 0.8696939 0.4935914 0 0.8696939 0.4935914 0 0.8696939 0.4935914 0 0.8696939 0.4935914 0 0.8696939 0.4935914 0 0.8696939 0.4935914 0 0.8696939 0.4935914 0 0.8696939 0.4935914 0 0.8696939 0.4935914 0 0.8696939 0.4935914 0 0.8696939 0.4935914 0 0.8696939 0.4935914 0 0 0.5341399 0.845396 0 0.5341399 0.845396 0 0.5341399 0.845396 0 0.5341399 0.845396 0 0.5341396 -0.8453963 0 0.5341396 -0.8453963 0 0.5341396 -0.8453963 0 0.5341396 -0.8453963 0 0.5341396 0.8453963 0 0.5341396 0.8453963 0 0.5341396 0.8453963 0 0.5341396 0.8453963 0 0.5341394 -0.8453964 0 0.5341394 -0.8453964 0 0.5341394 -0.8453964 0 0.5341394 -0.8453964 0 0.5341396 0.8453963 0 0.5341396 0.8453963 0 0.5341396 0.8453963 0 0.5341396 0.8453963 0 0.5341399 -0.845396 0 0.5341399 -0.845396 0 0.5341399 -0.845396 0 0.5341399 -0.845396 0 0 1 0 0 1 0 0 1 0 0 1 0 -0.6225476 -0.7825819 0 -0.6225476 -0.7825819 0 -0.6225476 -0.7825819 0 -0.6225476 -0.7825819 -1 0 0 -1 0 0 -1 0 0 -1 0 0 0 1 0 0 1 0 0 1 0 0 1 0 0 1 0 0.5525841 -0.8334572 0 0.5525841 -0.8334572 0 0.5525841 -0.8334572 0 0.5525841 -0.8334572 0 0 0.6622708 -0.7492645 0 0.6622708 -0.7492645 0 0.6622708 -0.7492645 0 0.6622708 -0.7492645 0.5124118 0.8587399 0 0.5124118 0.8587399 0 0.5124118 0.8587399 0 0.5124118 0.8587399 0 0 0.6622708 0.7492645 0 0.6622708 0.7492645 0 0.6622708 0.7492645 0 0.6622708 0.7492645 -0.5124118 0.8587399 0 -0.5124118 0.8587399 0 -0.5124118 0.8587399 0 -0.5124118 0.8587399 0 0 0 -1 0 0 -1 0 0 -1 0 0 -1 1 0 0 1 0 0 1 0 0 1 0 0 0 0 1 0 0 1 0 0 1 0 0 1 -1 0 0 -1 0 0 -1 0 0 -1 0 0  
	<Tangents>: 200 1 0 0 1 0 0 1 0 0 1 0 0 1 0 0 1 0 0 1 0 0 1 0 0 1 0 0 1 0 0 1 0 0 1 0 0 1 0 0 1 0 0 1 0 0 1 0 0 0 1 0 0 1 0 0 1 0 0 1 0 0 1 0 0 1 0 0 1 0 0 1 0 1 0 0 1 0 0 1 0 0 1 0 0 1 0 0 1 0 0 1 0 0 1 0 0 1 0 0 1 0 0 1 0 0 1 0 0 1 0 0 1 0 0 1 0 0 1 0 0 0 1 0 0 1 0 0 1 0 0 1 0 0 1 0 0 1 0 0 1 0 0 1 0 1 0 0 1 0 0 1 0 0 1 0 0 1 0 0 1 0 0 1 0 0 1 0 0 1 0 0 1 0 0 1 0 0 1 0 0 1 0 0 1 0 0 1 0 0 1 0 0 0 0 1 0 0 1 0 0 1 0 0 1 0 1 0 0 1 0 0 1 0 0 1 0 1 0 0 1 0 0 1 0 0 1 0 0 1 0 0 1 0 0 1 0 0 1 0 0 1 0 0 1 0 0 1 0 0 1 0 0 1 0 0 1 0 0 1 0 0 1 0 0 1 0 0 1 0 0 1 0 0 1 0 0 1 0 0 0 0 1 0 0 1 0 0 1 0 0 1 0 0 1 0 0 1 0 0 1 0 0 1 0 0 1 0 0 1 0 0 1 0 0 1 0 0 1 1 0 0 1 0 0 1 0 0 1 0 0 0 0 1 0 0 1 0 0 1 0 0 1 0 0 1 0 0 1 0 0 1 0 0 1 0 0 1 0 0 1 0 0 1 0 0 1 0 0 1 1 0 0 1 0 0 1 0 0 1 0 0 1 0 0 1 0 0 1 0 0 1 0 0 1 0 0 1 0 0 1 0 0 1 0 0 1 0 0 1 0 0 1 0 0 1 0 0 1 0 0 1 0 0 1 0 0 1 0 0 1 0 0 1 0 0 1 0 0 1 0 0 1 0 0 1 0 0 1 0 0 1 0 0 1 0 0 1 0 0 1 0 0 1 0 0 0 1 0 0 1 0 0 1 0 0 1 0 1 0 0 1 0 0 1 0 0 1 0 0 1 0 0 0 0 1 0 0 1 0 0 1 0 0 1 1 0 0 1 0 0 1 0 0 1 0 0 0 0 1 0 0 1 0 0 1 0 0 1 1 0 0 1 0 0 1 0 0 1 0 0 0 0 1 0 0 1 0 0 1 0 0 1 1 0 0 1 0 0 1 0 0 1 0 0 0 1 0 0 1 0 0 1 0 0 1 0 1 0 0 1 0 0 1 0 0 1 0 0 0 1 0 0 1 0 0 1 0 0 1 0  
	<BiTangents>: 200 0 1 0 0 1 0 0 1 0 0 1 0 0 0 1 0 0 1 0 0 1 0 0 1 0 1 0 0 1 0 0 1 0 0 1 0 0 0 1 0 0 1 0 0 1 0 0 1 0 0 1 0 0 1 0 0 1 0 0 1 0 0 1 0 0 1 0 0 1 0 0 1 0 1 0 0 1 0 0 1 0 0 1 0 0 0 1 0 0 1 0 0 1 0 0 1 0 1 0 0 1 0 0 1 0 0 1 0 0 0 1 0 0 1 0 0 1 0 0 1 0 0 1 0 0 1 0 0 1 0 0 1 0 0 1 0 0 1 0 0 1 0 0 1 0 0.7825819 0.6225477 0 0.7825819 0.6225477 0 0.7825819 0.6225477 0 0.7825819 0.6225477 0 0 1 0 0 1 0 0 1 0 0 1 0 1 0 0 1 0 0 1 0 0 1 0 0 0 1 0 0 1 0 0 1 0 0 1 0.8334572 -0.5525841 0 0.8334572 -0.5525841 0 0.8334572 -0.5525841 0 0.8334572 -0.5525841 0 0 0 1 0 0 1 0 0 1 0 0 1 0 0 1 0 0 1 0 0 1 0 0 1 0 0 1 0 0 1 0 0 1 0 0 1 0 0 1 0 0 1 0 0 1 0 0 1 0 0 1 0 0 1 0 0 1 0 0 1 0 0 1 0 0.8453964 -0.5341394 0 0.8453964 -0.5341394 0 0.8453964 -0.5341394 0 0.8453964 -0.5341394 0.4935914 0.8696939 0 0.4935914 0.8696939 0 0.4935914 0.8696939 0 0.4935914 0.8696939 0 0.4935914 0.8696939 0 0.4935914 0.8696939 0 0.4935914 0.8696939 0 0.4935914 0.8696939 0 0.4935914 0.8696939 0 0.4935914 0.8696939 0 0.4935914 0.8696939 0 0.4935914 0.8696939 0 0.4935914 0.8696939 0 0 0.8453963 0.5341396 0 0.8453963 0.5341396 0 0.8453963 0.5341396 0 0.8453963 0.5341396 -0.4935914 0.8696939 0 -0.4935914 0.8696939 0 -0.4935914 0.8696939 0 -0.4935914 0.8696939 0 -0.4935914 0.8696939 0 -0.4935914 0.8696939 0 -0.4935914 0.8696939 0 -0.4935914 0.8696939 0 -0.4935914 0.8696939 0 -0.4935914 0.8696939 0 -0.4935914 0.8696939 0 -0.4935914 0.8696939 0 -0.4935914 0.8696939 0 0 0.8453961 -0.53414 0 0.8453961 -0.53414 0 0.8453961 -0.53414 0 0.8453961 -0.53414 0 0.8453963 0.5341396 0 0.8453963 0.5341396 0 0.8453963 0.5341396 0 0.8453963 0.5341396 0 0.8453963 -0.5341396 0 0.8453963 -0.5341396 0 0.8453963 -0.5341396 0 0.8453963 -0.5341396 0 0.8453964 0.5341394 0 0.8453964 0.5341394 0 0.8453964 0.5341394 0 0.8453964 0.5341394 0 0.8453963 -0.5341396 0 0.8453963 -0.5341396 0 0.8453963 -0.5341396 0 0.8453963 -0.5341396 0 0.8453961 0.53414 0 0.8453961 0.53414 0 0.8453961 0.53414 0 0.8453961 0.53414 0 1 0 0 1 0 0 1 0 0 1 0 0 0.7825819 -0.6225477 0 0.7825819 -0.6225477 0 0.7825819 -0.6225477 0 0.7825819 -0.6225477 0 0 1 0 0 1 0 0 1 0 0 1 0 0 1 0 0 1 0 0 1 0 0 1 0 0 1 0.8334572 0.5525841 0 0.8334572 0.5525841 0 0.8334572 0.5525841 0 0.8334572 0.5525841 0 0 0.7492646 0.6622708 0 0.7492646 0.6622708 0 0.7492646 0.6622708 0 0.7492646 0.6622708 0.8587399 -0.5124118 0 0.8587399 -0.5124118 0 0.8587399 -0.5124118 0 0.8587399 -0.5124118 0 0 0.7492646 -0.6622708 0 0.7492646 -0.6622708 0 0.7492646 -0.6622708 0 0.7492646 -0.6622708 0.8587399 0.5124118 0 0.8587399 0.5124118 0 0.8587399 0.5124118 0 0.8587399 0.5124118 0 0 1 0 0 1 0 0 1 0 0 1 0 0 0 1 0 0 1 0 0 1 0 0 1 0 1 0 0 1 0 0 1 0 0 1 0 0 0 1 0 0 1 0 0 1 0 0 1  
	<SubMeshes>: 1
		<SubMesh>: 0 312 0 1 2 0 2 3 4 5 6 4 6 7 8 9 10 8 10 11 12 13 14 12 14 15 16 17 18 16 18 19 20 21 22 20 22 23 24 25 26 24 26 27 28 29 30 28 30 31 32 33 34 32 34 35 36 37 38 36 38 39 40 41 42 40 42 43 44 45 46 44 46 47 48 49 50 48 50 51 52 53 54 52 54 55 56 57 58 56 58 59 60 61 62 60 62 63 64 65 66 64 66 67 68 69 70 70 71 68 72 73 74 72 75 73 72 76 75 77 78 79 77 79 80 81 82 83 81 83 84 85 86 87 85 87 88 89 90 91 89 91 92 93 94 95 93 95 96 97 98 93 97 99 98 96 100 101 96 101 102 102 103 104 102 104 105 106 107 108 106 108 109 110 111 112 110 112 113 113 114 115 113 115 116 117 118 110 117 119 118 120 121 117 120 122 121 123 124 125 123 125 126 127 128 129 127 129 130 131 132 133 131 133 134 135 136 137 135 137 138 139 140 141 139 141 142 143 144 145 143 145 146 147 148 149 147 149 150 151 152 153 151 153 154 155 156 157 157 158 155 159 160 161 159 162 160 159 163 162 164 165 166 164 166 167 168 169 170 168 170 171 172 173 174 172 174 175 176 177 178 176 178 179 180 181 182 180 182 183 184 185 186 184 186 187 188 189 190 188 190 191 192 193 194 192 194 195 196 197 198 196 198 199  
</Mesh>
