<Mesh>: 240 SM_Prop_Chest_03
	<Bounds>: 0 0.1110506 0 0.3188477 0.1110506 0.2174683
	<Positions>: 240 -0.1381836 0.1465578 -0.1744385 -0.1381836 0.2221012 -0.1744385 -0.1866455 0.2221012 -0.1744385 -0.1866455 0.1465578 -0.1744385 -0.1381836 0.2221012 -0.1744385 -0.1381836 0.2221012 -0.2174683 -0.1866455 0.2221012 -0.2174683 -0.1866455 0.2221012 -0.1744385 -0.1381836 0.2221012 -0.2174683 -0.1381836 0.1465578 -0.2059326 -0.1866455 0.1465578 -0.2059326 -0.1866455 0.2221012 -0.2174683 -0.1381836 0.1465578 -0.2059326 -0.1381836 0.1465578 -0.1744385 -0.1866455 0.1465578 -0.1744385 -0.1866455 0.1465578 -0.2059326 -0.1866455 0.1465578 -0.1744385 -0.1866455 0.2221012 -0.1744385 -0.1866455 0.2221012 -0.2174683 -0.1866455 0.1465578 -0.2059326 -0.1381836 0.1465578 -0.2059326 -0.1381836 0.2221012 -0.2174683 -0.1381836 0.2221012 -0.1744385 -0.1381836 0.1465578 -0.1744385 0.1867676 0.1465578 -0.1744385 0.1867676 0.2221012 -0.1744385 0.1383057 0.2221012 -0.1744385 0.1383057 0.1465578 -0.1744385 0.1867676 0.2221012 -0.1744385 0.1867676 0.2221012 -0.2174683 0.1383057 0.2221012 -0.2174683 0.1383057 0.2221012 -0.1744385 0.1867676 0.2221012 -0.2174683 0.1867676 0.1465578 -0.2059326 0.1383057 0.1465578 -0.2059326 0.1383057 0.2221012 -0.2174683 0.1867676 0.1465578 -0.2059326 0.1867676 0.1465578 -0.1744385 0.1383057 0.1465578 -0.1744385 0.1383057 0.1465578 -0.2059326 0.1383057 0.1465578 -0.1744385 0.1383057 0.2221012 -0.1744385 0.1383057 0.2221012 -0.2174683 0.1383057 0.1465578 -0.2059326 0.1867676 0.1465578 -0.2059326 0.1867676 0.2221012 -0.2174683 0.1867676 0.2221012 -0.1744385 0.1867676 0.1465578 -0.1744385 0.1945801 0.04977036 0.1622314 0.2154541 0.1665535 0.1844482 -0.2154541 0.1665535 0.1844482 -0.1806641 0.04977036 0.1622314 0.2119141 0.03912544 0.1177368 0.2119141 0.03912544 -0.1168823 -0.2119141 0.03912544 -0.1168823 -0.2119141 0.03912544 0.1177368 0.2154541 0.1665535 -0.1835938 0.1806641 0.04977036 -0.161377 -0.1806641 0.04977036 -0.161377 -0.2154541 0.1665535 -0.1835938 0.267334 0 -0.175354 0.267334 0 0.1761475 -0.267334 0 0.1761475 -0.267334 0 -0.175354 -0.2578125 0.05141258 0.1156616 -0.2897949 0.1679649 0.1378174 -0.2897949 0.1679649 -0.1370239 -0.2578125 0.05141258 -0.1148071 0.2578125 0.05141258 -0.1148071 0.2897949 0.1679649 -0.1370239 0.2897949 0.1679649 0.1378174 0.2578125 0.05141258 0.1156616 0.2508545 0.214325 0.1536865 0.2119141 0.03912544 0.1177368 -0.2119141 0.03912544 0.1177368 -0.2508545 0.214325 0.1536865 -0.2508545 0.214325 0.1536865 -0.2119141 0.03912544 0.1177368 -0.2119141 0.03912544 -0.1168823 -0.2508545 0.214325 -0.1528931 -0.2508545 0.214325 -0.1528931 -0.2119141 0.03912544 -0.1168823 0.2119141 0.03912544 -0.1168823 0.2508545 0.214325 -0.1528931 0.2508545 0.214325 -0.1528931 0.2119141 0.03912544 -0.1168823 0.2119141 0.03912544 0.1177368 0.2508545 0.214325 0.1536865 0.2177734 0.03912544 0.182373 0.1945801 0.04977036 0.1622314 -0.1806641 0.04977036 0.1622314 -0.2177734 0.03912544 0.182373 -0.2177734 0.03912544 0.182373 -0.1806641 0.04977036 0.1622314 -0.2154541 0.1665535 0.1844482 -0.2596436 0.1798782 0.2045898 -0.2596436 0.1798782 0.2045898 -0.2154541 0.1665535 0.1844482 0.2154541 0.1665535 0.1844482 0.2596436 0.1798782 0.2045898 0.2596436 0.1798782 0.2045898 0.2154541 0.1665535 0.1844482 0.1945801 0.04977036 0.1622314 0.2177734 0.03912544 0.182373 0.2596436 0.1798782 -0.2037354 0.2154541 0.1665535 -0.1835938 -0.2154541 0.1665535 -0.1835938 -0.2596436 0.1798782 -0.2037354 -0.2596436 0.1798782 -0.2037354 -0.2154541 0.1665535 -0.1835938 -0.1806641 0.04977036 -0.161377 -0.2177734 0.03912544 -0.1815186 -0.2177734 0.03912544 -0.1815186 -0.1806641 0.04977036 -0.161377 0.1806641 0.04977036 -0.161377 0.2177734 0.03912544 -0.1815186 0.2177734 0.03912544 -0.1815186 0.1806641 0.04977036 -0.161377 0.2154541 0.1665535 -0.1835938 0.2596436 0.1798782 -0.2037354 -0.27771 0.04294586 0.131897 -0.2578125 0.05141258 0.1156616 -0.2578125 0.05141258 -0.1148071 -0.27771 0.04294586 -0.1310425 -0.27771 0.04294586 -0.1310425 -0.2578125 0.05141258 -0.1148071 -0.2897949 0.1679649 -0.1370239 -0.3095703 0.1759052 -0.1563721 -0.3095703 0.1759052 -0.1563721 -0.2897949 0.1679649 -0.1370239 -0.2897949 0.1679649 0.1378174 -0.3095703 0.1759052 0.1571655 -0.3095703 0.1759052 0.1571655 -0.2897949 0.1679649 0.1378174 -0.2578125 0.05141258 0.1156616 -0.27771 0.04294586 0.131897 0.27771 0.04294586 -0.1310425 0.2578125 0.05141258 -0.1148071 0.2578125 0.05141258 0.1156616 0.27771 0.04294586 0.131897 0.27771 0.04294586 0.131897 0.2578125 0.05141258 0.1156616 0.2897949 0.1679649 0.1378174 0.3095703 0.1759052 0.1571655 0.3095703 0.1759052 0.1571655 0.2897949 0.1679649 0.1378174 0.2897949 0.1679649 -0.1370239 0.3095703 0.1759052 -0.1563721 0.3095703 0.1759052 -0.1563721 0.2897949 0.1679649 -0.1370239 0.2578125 0.05141258 -0.1148071 0.27771 0.04294586 -0.1310425 0.01086426 0.1408081 0.2078247 0.01086426 0.1937008 0.2078247 -0.01086426 0.1937008 0.2078247 -0.01086426 0.1408081 0.2078247 0.02038574 0.2205582 0.2174683 0.02038574 0.2205582 0.1711426 -0.02038574 0.2205582 0.1711426 -0.02038574 0.2205582 0.2174683 0.02038574 0.2205582 0.1711426 0.02038574 0.133112 0.1711426 -0.02038574 0.133112 0.1711426 -0.02038574 0.2205582 0.1711426 0.02038574 0.133112 0.1711426 0.02038574 0.133112 0.2174683 -0.02038574 0.133112 0.2174683 -0.02038574 0.133112 0.1711426 -0.02038574 0.133112 0.2174683 -0.02038574 0.2205582 0.2174683 -0.02038574 0.2205582 0.1711426 -0.02038574 0.133112 0.1711426 0.02038574 0.133112 0.1711426 0.02038574 0.2205582 0.1711426 0.02038574 0.2205582 0.2174683 0.02038574 0.133112 0.2174683 0.01086426 0.1408081 0.2174683 0.01086426 0.1408081 0.2078247 -0.01086426 0.1408081 0.2078247 -0.01086426 0.1408081 0.2174683 -0.01086426 0.1408081 0.2174683 -0.01086426 0.1408081 0.2078247 -0.01086426 0.1937008 0.2078247 -0.01086426 0.1937008 0.2174683 -0.01086426 0.1937008 0.2174683 -0.01086426 0.1937008 0.2078247 0.01086426 0.1937008 0.2078247 0.01086426 0.1937008 0.2174683 0.01086426 0.1937008 0.2174683 0.01086426 0.1937008 0.2078247 0.01086426 0.1408081 0.2078247 0.01086426 0.1408081 0.2174683 -0.02038574 0.2205582 0.2174683 0.01086426 0.1937008 0.2174683 0.02038574 0.2205582 0.2174683 -0.01086426 0.1937008 0.2174683 0.01086426 0.1408081 0.2174683 -0.02038574 0.133112 0.2174683 0.02038574 0.133112 0.2174683 -0.01086426 0.1408081 0.2174683 -0.3188477 0.214325 -0.2091675 0.2508545 0.214325 -0.1528931 0.3188477 0.214325 -0.2091675 -0.2508545 0.214325 -0.1528931 0.2508545 0.214325 0.1536865 -0.3188477 0.214325 0.210022 0.3188477 0.214325 0.210022 -0.2508545 0.214325 0.1536865 0.3188477 0.214325 0.210022 0.3095703 0.1759052 -0.1563721 0.3188477 0.214325 -0.2091675 0.3095703 0.1759052 0.1571655 0.27771 0.04294586 -0.1310425 0.267334 0 0.1761475 0.267334 0 -0.175354 0.27771 0.04294586 0.131897 -0.3188477 0.214325 -0.2091675 -0.3095703 0.1759052 0.1571655 -0.3188477 0.214325 0.210022 -0.3095703 0.1759052 -0.1563721 -0.27771 0.04294586 0.131897 -0.267334 0 -0.175354 -0.267334 0 0.1761475 -0.27771 0.04294586 -0.1310425 -0.267334 0 -0.175354 0.2177734 0.03912544 -0.1815186 0.267334 0 -0.175354 -0.2177734 0.03912544 -0.1815186 0.2596436 0.1798782 -0.2037354 -0.3188477 0.214325 -0.2091675 0.3188477 0.214325 -0.2091675 -0.2596436 0.1798782 -0.2037354 0.267334 0 0.1761475 -0.2177734 0.03912544 0.182373 -0.267334 0 0.1761475 0.2177734 0.03912544 0.182373 -0.2596436 0.1798782 0.2045898 0.3188477 0.214325 0.210022 -0.3188477 0.214325 0.210022 0.2596436 0.1798782 0.2045898  
	<Colors>: 0  
	<TextureCoords0>: 240 0.4721824 0.797543 0.4721824 0.797543 0.4721824 0.797543 0.4721824 0.797543 0.4721824 0.797543 0.4721824 0.797543 0.4721824 0.797543 0.4721824 0.797543 0.4721824 0.797543 0.4721824 0.797543 0.4721824 0.797543 0.4721824 0.797543 0.4721824 0.797543 0.4721824 0.797543 0.4721824 0.797543 0.4721824 0.797543 0.4721824 0.797543 0.4721824 0.797543 0.4721824 0.797543 0.4721824 0.797543 0.4721824 0.797543 0.4721824 0.797543 0.4721824 0.797543 0.4721824 0.797543 0.4721824 0.797543 0.4721824 0.797543 0.4721824 0.797543 0.4721824 0.797543 0.4721824 0.797543 0.4721824 0.797543 0.4721824 0.797543 0.4721824 0.797543 0.4721824 0.797543 0.4721824 0.797543 0.4721824 0.797543 0.4721824 0.797543 0.4721824 0.797543 0.4721824 0.797543 0.4721824 0.797543 0.4721824 0.797543 0.4721824 0.797543 0.4721824 0.797543 0.4721824 0.797543 0.4721824 0.797543 0.4721824 0.797543 0.4721824 0.797543 0.4721824 0.797543 0.4721824 0.797543 0.3314116 0.8395924 0.3314116 0.8395924 0.3314116 0.8395924 0.3314116 0.8395924 0.3302633 0.8348399 0.3302633 0.8348399 0.3302633 0.8348399 0.3302633 0.8348399 0.3314116 0.8395924 0.3314116 0.8395924 0.3314116 0.8395924 0.3314116 0.8395924 0.4702695 0.7747484 0.4702695 0.7747484 0.4702695 0.7747484 0.4702695 0.7747484 0.3314116 0.8395924 0.3314116 0.8395924 0.3314116 0.8395924 0.3314116 0.8395924 0.3314116 0.8395924 0.3314116 0.8395924 0.3314116 0.8395924 0.3314116 0.8395924 0.3302633 0.8348399 0.3302633 0.8348399 0.3302633 0.8348399 0.3302633 0.8348399 0.3302633 0.8348399 0.3302633 0.8348399 0.3302633 0.8348399 0.3302633 0.8348399 0.3302633 0.8348399 0.3302633 0.8348399 0.3302633 0.8348399 0.3302633 0.8348399 0.3302633 0.8348399 0.3302633 0.8348399 0.3302633 0.8348399 0.3302633 0.8348399 0.4702695 0.7747484 0.4702695 0.7747484 0.4702695 0.7747484 0.4702695 0.7747484 0.4702695 0.7747484 0.4702695 0.7747484 0.4702695 0.7747484 0.4702695 0.7747484 0.4702695 0.7747484 0.4702695 0.7747484 0.4702695 0.7747484 0.4702695 0.7747484 0.4702695 0.7747484 0.4702695 0.7747484 0.4702695 0.7747484 0.4702695 0.7747484 0.4702695 0.7747484 0.4702695 0.7747484 0.4702695 0.7747484 0.4702695 0.7747484 0.4702695 0.7747484 0.4702695 0.7747484 0.4702695 0.7747484 0.4702695 0.7747484 0.4702695 0.7747484 0.4702695 0.7747484 0.4702695 0.7747484 0.4702695 0.7747484 0.4702695 0.7747484 0.4702695 0.7747484 0.4702695 0.7747484 0.4702695 0.7747484 0.4702695 0.7747484 0.4702695 0.7747484 0.4702695 0.7747484 0.4702695 0.7747484 0.4702695 0.7747484 0.4702695 0.7747484 0.4702695 0.7747484 0.4702695 0.7747484 0.4702695 0.7747484 0.4702695 0.7747484 0.4702695 0.7747484 0.4702695 0.7747484 0.4702695 0.7747484 0.4702695 0.7747484 0.4702695 0.7747484 0.4702695 0.7747484 0.4702695 0.7747484 0.4702695 0.7747484 0.4702695 0.7747484 0.4702695 0.7747484 0.4702695 0.7747484 0.4702695 0.7747484 0.4702695 0.7747484 0.4702695 0.7747484 0.4702695 0.7747484 0.4702695 0.7747484 0.4702695 0.7747484 0.4702695 0.7747484 0.4702695 0.7747484 0.4702695 0.7747484 0.4702695 0.7747484 0.4702695 0.7747484 0.4723076 0.8458643 0.4723076 0.8458643 0.4723076 0.8458643 0.4723076 0.8458643 0.4713663 0.742439 0.4713663 0.742439 0.4713663 0.742439 0.4713663 0.742439 0.4713663 0.742439 0.4713663 0.742439 0.4713663 0.742439 0.4713663 0.742439 0.4713663 0.742439 0.4713663 0.742439 0.4713663 0.742439 0.4713663 0.742439 0.4713663 0.742439 0.4713663 0.742439 0.4713663 0.742439 0.4713663 0.742439 0.4713663 0.742439 0.4713663 0.742439 0.4713663 0.742439 0.4713663 0.742439 0.4713663 0.742439 0.4713663 0.742439 0.4713663 0.742439 0.4713663 0.742439 0.4713663 0.742439 0.4713663 0.742439 0.4713663 0.742439 0.4713663 0.742439 0.4713663 0.742439 0.4713663 0.742439 0.4713663 0.742439 0.4713663 0.742439 0.4713663 0.742439 0.4713663 0.742439 0.4713663 0.742439 0.4713663 0.742439 0.4713663 0.742439 0.4713663 0.742439 0.4713663 0.742439 0.4713663 0.742439 0.4713663 0.742439 0.4713663 0.742439 0.4713663 0.742439 0.4713663 0.742439 0.4702695 0.7747484 0.4702695 0.7747484 0.4702695 0.7747484 0.4702695 0.7747484 0.4702695 0.7747484 0.4702695 0.7747484 0.4702695 0.7747484 0.4702695 0.7747484 0.4702695 0.7747484 0.4702695 0.7747484 0.4702695 0.7747484 0.4702695 0.7747484 0.4702695 0.7747484 0.4702695 0.7747484 0.4702695 0.7747484 0.4702695 0.7747484 0.4702695 0.7747484 0.4702695 0.7747484 0.4702695 0.7747484 0.4702695 0.7747484 0.4702695 0.7747484 0.4702695 0.7747484 0.4702695 0.7747484 0.4702695 0.7747484 0.4702695 0.7747484 0.4702695 0.7747484 0.4702695 0.7747484 0.4702695 0.7747484 0.4702695 0.7747484 0.4702695 0.7747484 0.4702695 0.7747484 0.4702695 0.7747484 0.4702695 0.7747484 0.4702695 0.7747484 0.4702695 0.7747484 0.4702695 0.7747484 0.4702695 0.7747484 0.4702695 0.7747484 0.4702695 0.7747484 0.4702695 0.7747484  
	<TextureCoords1>: 0  
	<Normals>: 240 0 0 1 0 0 1 0 0 1 0 0 1 0 1 0 0 1 0 0 1 0 0 1 0 0 -0.1509524 -0.9885411 0 -0.1509524 -0.9885411 0 -0.1509524 -0.9885411 0 -0.1509524 -0.9885411 0 -1 0 0 -1 0 0 -1 0 0 -1 0 -1 0 0 -1 0 0 -1 0 0 -1 0 0 1 0 0 1 0 0 1 0 0 1 0 0 0 0 1 0 0 1 0 0 1 0 0 1 0 1 0 0 1 0 0 1 0 0 1 0 0 -0.1509524 -0.9885411 0 -0.1509524 -0.9885411 0 -0.1509524 -0.9885411 0 -0.1509524 -0.9885411 0 -1 0 0 -1 0 0 -1 0 0 -1 0 -1 0 0 -1 0 0 -1 0 0 -1 0 0 1 0 0 1 0 0 1 0 0 1 0 0 0 -0.186888 0.9823812 0 -0.186888 0.9823812 0 -0.186888 0.9823812 0 -0.186888 0.9823812 0 1 0 0 1 0 0 1 0 0 1 0 0 -0.1868879 -0.9823812 0 -0.1868879 -0.9823812 0 -0.1868879 -0.9823812 0 -0.1868879 -0.9823812 0 -1 0 0 -1 0 0 -1 0 0 -1 0 -0.9643523 -0.264622 0 -0.9643523 -0.264622 0 -0.9643523 -0.264622 0 -0.9643523 -0.264622 0 0.9643523 -0.264622 0 0.9643523 -0.264622 0 0.9643523 -0.264622 0 0.9643523 -0.264622 0 0 0.201005 -0.9795902 0 0.201005 -0.9795902 0 0.201005 -0.9795902 0 0.201005 -0.9795902 0.9761786 0.2169687 0 0.9761786 0.2169687 0 0.9761786 0.2169687 0 0.9761786 0.2169687 0 0 0.2013325 0.9795229 0 0.2013325 0.9795229 0 0.2013325 0.9795229 0 0.2013325 0.9795229 -0.9761786 0.2169687 0 -0.9761786 0.2169687 0 -0.9761786 0.2169687 0 -0.9761786 0.2169687 0 0 0.8841197 0.4672606 0 0.8841197 0.4672606 0 0.8841197 0.4672606 0 0.8841197 0.4672606 0.4432679 -0.02266122 0.8961027 0.4432679 -0.02266122 0.8961027 0.4432679 -0.02266122 0.8961027 0.4432679 -0.02266122 0.8961027 0 -0.8340134 0.5517441 0 -0.8340134 0.5517441 0 -0.8340134 0.5517441 0 -0.8340134 0.5517441 -0.5123007 -0.02330516 0.8584898 -0.5123007 -0.02330516 0.8584898 -0.5123007 -0.02330516 0.8584898 -0.5123007 -0.02330516 0.8584898 0 -0.8340134 -0.5517441 0 -0.8340134 -0.5517441 0 -0.8340134 -0.5517441 0 -0.8340134 -0.5517441 0.4432679 -0.02266122 -0.8961027 0.4432679 -0.02266122 -0.8961027 0.4432679 -0.02266122 -0.8961027 0.4432679 -0.02266122 -0.8961027 0 0.8841197 -0.4672606 0 0.8841197 -0.4672606 0 0.8841197 -0.4672606 0 0.8841197 -0.4672606 -0.4432679 -0.02266122 -0.8961027 -0.4432679 -0.02266122 -0.8961027 -0.4432679 -0.02266122 -0.8961027 -0.4432679 -0.02266122 -0.8961027 -0.391544 0.9201593 0 -0.391544 0.9201593 0 -0.391544 0.9201593 0 -0.391544 0.9201593 0 -0.6672072 -0.02888449 0.7443119 -0.6672072 -0.02888449 0.7443119 -0.6672072 -0.02888449 0.7443119 -0.6672072 -0.02888449 0.7443119 -0.3726095 -0.9279882 0 -0.3726095 -0.9279882 0 -0.3726095 -0.9279882 0 -0.3726095 -0.9279882 0 -0.6671975 -0.02924719 -0.7443064 -0.6671975 -0.02924719 -0.7443064 -0.6671975 -0.02924719 -0.7443064 -0.6671975 -0.02924719 -0.7443064 0.391544 0.9201593 0 0.391544 0.9201593 0 0.391544 0.9201593 0 0.391544 0.9201593 0 0.6671975 -0.02924719 -0.7443064 0.6671975 -0.02924719 -0.7443064 0.6671975 -0.02924719 -0.7443064 0.6671975 -0.02924719 -0.7443064 0.3726095 -0.9279882 0 0.3726095 -0.9279882 0 0.3726095 -0.9279882 0 0.3726095 -0.9279882 0 0.6672072 -0.02888449 0.7443119 0.6672072 -0.02888449 0.7443119 0.6672072 -0.02888449 0.7443119 0.6672072 -0.02888449 0.7443119 0 0 1 0 0 1 0 0 1 0 0 1 0 1 0 0 1 0 0 1 0 0 1 0 0 0 -1 0 0 -1 0 0 -1 0 0 -1 0 -1 0 0 -1 0 0 -1 0 0 -1 0 -1 0 0 -1 0 0 -1 0 0 -1 0 0 1 0 0 1 0 0 1 0 0 1 0 0 0 1 0 0 1 0 0 1 0 0 1 0 1 0 0 1 0 0 1 0 0 1 0 0 0 -1 0 0 -1 0 0 -1 0 0 -1 0 -1 0 0 -1 0 0 -1 0 0 -1 0 0 0 0 1 0 0 1 0 0 1 0 0 1 0 0 1 0 0 1 0 0 1 0 0 1 0 1 0 0 1 0 0 1 0 0 1 0 0 1 0 0 1 0 0 1 0 0 1 0 0.972214 -0.2340938 0 0.972214 -0.2340938 0 0.972214 -0.2340938 0 0.972214 -0.2340938 0 0.9721994 -0.2341547 0 0.9721994 -0.2341547 0 0.9721994 -0.2341547 0 0.9721994 -0.2341547 0 -0.972214 -0.2340938 0 -0.972214 -0.2340938 0 -0.972214 -0.2340938 0 -0.972214 -0.2340938 0 -0.9721994 -0.2341547 0 -0.9721994 -0.2341547 0 -0.9721994 -0.2341547 0 -0.9721994 -0.2341547 0 0 -0.1557468 -0.987797 0 -0.1557468 -0.987797 0 -0.1557468 -0.987797 0 -0.1557468 -0.987797 0 -0.1558133 -0.9877865 0 -0.1558133 -0.9877865 0 -0.1558133 -0.9877865 0 -0.1558133 -0.9877865 0 -0.1566506 0.987654 0 -0.1566506 0.987654 0 -0.1566506 0.987654 0 -0.1566506 0.987654 0 -0.1559656 0.9877626 0 -0.1559656 0.9877626 0 -0.1559656 0.9877626 0 -0.1559656 0.9877626  
	<Tangents>: 240 1 0 0 1 0 0 1 0 0 1 0 0 1 0 0 1 0 0 1 0 0 1 0 0 1 0 0 1 0 0 1 0 0 1 0 0 1 0 0 1 0 0 1 0 0 1 0 0 0 1 0 0 1 0 0 1 0 0 1 0 0 1 0 0 1 0 0 1 0 0 1 0 1 0 0 1 0 0 1 0 0 1 0 0 1 0 0 1 0 0 1 0 0 1 0 0 1 0 0 1 0 0 1 0 0 1 0 0 1 0 0 1 0 0 1 0 0 1 0 0 0 1 0 0 1 0 0 1 0 0 1 0 0 1 0 0 1 0 0 1 0 0 1 0 1 0 0 1 0 0 1 0 0 1 0 0 1 0 0 1 0 0 1 0 0 1 0 0 1 0 0 1 0 0 1 0 0 1 0 0 1 0 0 1 0 0 1 0 0 1 0 0 0 0 1 0 0 1 0 0 1 0 0 1 0 0 1 0 0 1 0 0 1 0 0 1 1 0 0 1 0 0 1 0 0 1 0 0 0 0 1 0 0 1 0 0 1 0 0 1 1 0 0 1 0 0 1 0 0 1 0 0 0 0 1 0 0 1 0 0 1 0 0 1 1 0 0 1 0 0 1 0 0 1 0 0 0.01004757 0.9997432 0.020312 0.01004757 0.9997432 0.020312 0.01004757 0.9997432 0.020312 0.01004757 0.9997432 0.020312 1 0 0 1 0 0 1 0 0 1 0 0 -0.01194249 0.9997284 0.02001268 -0.01194249 0.9997284 0.02001268 -0.01194249 0.9997284 0.02001268 -0.01194249 0.9997284 0.02001268 1 0 0 1 0 0 1 0 0 1 0 0 0.01004757 0.9997432 -0.020312 0.01004757 0.9997432 -0.020312 0.01004757 0.9997432 -0.020312 0.01004757 0.9997432 -0.020312 1 0 0 1 0 0 1 0 0 1 0 0 -0.01004757 0.9997432 -0.020312 -0.01004757 0.9997432 -0.020312 -0.01004757 0.9997432 -0.020312 -0.01004757 0.9997432 -0.020312 0 0 1 0 0 1 0 0 1 0 0 1 -0.01927999 0.9995827 0.02150805 -0.01927999 0.9995827 0.02150805 -0.01927999 0.9995827 0.02150805 -0.01927999 0.9995827 0.02150805 0 0 1 0 0 1 0 0 1 0 0 1 -0.01952201 0.9995723 -0.02177819 -0.01952201 0.9995723 -0.02177819 -0.01952201 0.9995723 -0.02177819 -0.01952201 0.9995723 -0.02177819 0 0 1 0 0 1 0 0 1 0 0 1 0.01952201 0.9995723 -0.02177819 0.01952201 0.9995723 -0.02177819 0.01952201 0.9995723 -0.02177819 0.01952201 0.9995723 -0.02177819 0 0 1 0 0 1 0 0 1 0 0 1 0.01927999 0.9995827 0.02150805 0.01927999 0.9995827 0.02150805 0.01927999 0.9995827 0.02150805 0.01927999 0.9995827 0.02150805 1 0 0 1 0 0 1 0 0 1 0 0 1 0 0 1 0 0 1 0 0 1 0 0 1 0 0 1 0 0 1 0 0 1 0 0 1 0 0 1 0 0 1 0 0 1 0 0 0 1 0 0 1 0 0 1 0 0 1 0 0 1 0 0 1 0 0 1 0 0 1 0 1 0 0 1 0 0 1 0 0 1 0 0 0 1 0 0 1 0 0 1 0 0 1 0 1 0 0 1 0 0 1 0 0 1 0 0 0 1 0 0 1 0 0 1 0 0 1 0 1 0 0 1 0 0 1 0 0 1 0 0 1 0 0 1 0 0 1 0 0 1 0 0 1 0 0 1 0 0 1 0 0 1 0 0 1 0 0 1 0 0 1 0 0 1 0 0 0 0 1 0 0 1 0 0 1 0 0 1 0 0 1 0 0 1 0 0 1 0 0 1 0 0 1 0 0 1 0 0 1 0 0 1 0 0 1 0 0 1 0 0 1 0 0 1 1 0 0 1 0 0 1 0 0 1 0 0 1 0 0 1 0 0 1 0 0 1 0 0 1 0 0 1 0 0 1 0 0 1 0 0 1 0 0 1 0 0 1 0 0 1 0 0  
	<BiTangents>: 240 0 1 0 0 1 0 0 1 0 0 1 0 0 0 1 0 0 1 0 0 1 0 0 1 0 0.9885411 -0.1509524 0 0.9885411 -0.1509524 0 0.9885411 -0.1509524 0 0.9885411 -0.1509524 0 0 1 0 0 1 0 0 1 0 0 1 0 0 1 0 0 1 0 0 1 0 0 1 0 0 1 0 0 1 0 0 1 0 0 1 0 1 0 0 1 0 0 1 0 0 1 0 0 0 1 0 0 1 0 0 1 0 0 1 0 0.9885411 -0.1509524 0 0.9885411 -0.1509524 0 0.9885411 -0.1509524 0 0.9885411 -0.1509524 0 0 1 0 0 1 0 0 1 0 0 1 0 0 1 0 0 1 0 0 1 0 0 1 0 0 1 0 0 1 0 0 1 0 0 1 0 0.9823812 0.186888 0 0.9823812 0.186888 0 0.9823812 0.186888 0 0.9823812 0.186888 0 0 1 0 0 1 0 0 1 0 0 1 0 0.9823812 -0.186888 0 0.9823812 -0.186888 0 0.9823812 -0.186888 0 0.9823812 -0.186888 0 0 1 0 0 1 0 0 1 0 0 1 -0.264622 0.9643523 0 -0.264622 0.9643523 0 -0.264622 0.9643523 0 -0.264622 0.9643523 0 0.264622 0.9643523 0 0.264622 0.9643523 0 0.264622 0.9643523 0 0.264622 0.9643523 0 0 0.9795902 0.201005 0 0.9795902 0.201005 0 0.9795902 0.201005 0 0.9795902 0.201005 -0.2169687 0.9761786 0 -0.2169687 0.9761786 0 -0.2169687 0.9761786 0 -0.2169687 0.9761786 0 0 0.9795229 -0.2013325 0 0.9795229 -0.2013325 0 0.9795229 -0.2013325 0 0.9795229 -0.2013325 0.2169687 0.9761786 0 0.2169687 0.9761786 0 0.2169687 0.9761786 0 0.2169687 0.9761786 0 0 -0.4672606 0.8841197 0 -0.4672606 0.8841197 0 -0.4672606 0.8841197 0 -0.4672606 0.8841197 0.8963329 -4.605833E-10 -0.4433818 0.8963329 -4.605833E-10 -0.4433818 0.8963329 -4.605833E-10 -0.4433818 0.8963329 -4.605833E-10 -0.4433818 0 0.5517442 0.8340135 0 0.5517442 0.8340135 0 0.5517442 0.8340135 0 0.5517442 0.8340135 0.8587231 -8.052002E-10 0.51244 0.8587231 -8.052002E-10 0.51244 0.8587231 -8.052002E-10 0.51244 0.8587231 -8.052002E-10 0.51244 0 -0.5517442 0.8340135 0 -0.5517442 0.8340135 0 -0.5517442 0.8340135 0 -0.5517442 0.8340135 0.8963329 -4.605833E-10 0.4433818 0.8963329 -4.605833E-10 0.4433818 0.8963329 -4.605833E-10 0.4433818 0.8963329 -4.605833E-10 0.4433818 0 0.4672606 0.8841197 0 0.4672606 0.8841197 0 0.4672606 0.8841197 0 0.4672606 0.8841197 0.8963329 4.605833E-10 -0.4433818 0.8963329 4.605833E-10 -0.4433818 0.8963329 4.605833E-10 -0.4433818 0.8963329 4.605833E-10 -0.4433818 0.9201593 0.391544 0 0.9201593 0.391544 0 0.9201593 0.391544 0 0.9201593 0.391544 0 0.7446226 3.323706E-10 0.6674857 0.7446226 3.323706E-10 0.6674857 0.7446226 3.323706E-10 0.6674857 0.7446226 3.323706E-10 0.6674857 0.9279882 -0.3726095 0 0.9279882 -0.3726095 0 0.9279882 -0.3726095 0 0.9279882 -0.3726095 0 0.744625 1.083948E-09 -0.6674831 0.744625 1.083948E-09 -0.6674831 0.744625 1.083948E-09 -0.6674831 0.744625 1.083948E-09 -0.6674831 0.9201593 -0.391544 0 0.9201593 -0.391544 0 0.9201593 -0.391544 0 0.9201593 -0.391544 0 0.744625 -1.083948E-09 0.6674831 0.744625 -1.083948E-09 0.6674831 0.744625 -1.083948E-09 0.6674831 0.744625 -1.083948E-09 0.6674831 0.9279882 0.3726095 0 0.9279882 0.3726095 0 0.9279882 0.3726095 0 0.9279882 0.3726095 0 0.7446226 -3.323706E-10 -0.6674857 0.7446226 -3.323706E-10 -0.6674857 0.7446226 -3.323706E-10 -0.6674857 0.7446226 -3.323706E-10 -0.6674857 0 1 0 0 1 0 0 1 0 0 1 0 0 0 1 0 0 1 0 0 1 0 0 1 0 1 0 0 1 0 0 1 0 0 1 0 0 0 1 0 0 1 0 0 1 0 0 1 0 0 1 0 0 1 0 0 1 0 0 1 0 0 1 0 0 1 0 0 1 0 0 1 0 0 1 0 0 1 0 0 1 0 0 1 0 0 1 0 0 1 0 0 1 0 0 1 0 0 1 0 0 1 0 0 1 0 0 1 0 0 1 0 0 1 0 0 1 0 0 1 0 1 0 0 1 0 0 1 0 0 1 0 0 1 0 0 1 0 0 1 0 0 1 0 0 0 1 0 0 1 0 0 1 0 0 1 0 0 1 0 0 1 0 0 1 0 0 1 0.2340938 0.972214 0 0.2340938 0.972214 0 0.2340938 0.972214 0 0.2340938 0.972214 0 0.2341547 0.9721994 0 0.2341547 0.9721994 0 0.2341547 0.9721994 0 0.2341547 0.9721994 0 -0.2340938 0.972214 0 -0.2340938 0.972214 0 -0.2340938 0.972214 0 -0.2340938 0.972214 0 -0.2341547 0.9721994 0 -0.2341547 0.9721994 0 -0.2341547 0.9721994 0 -0.2341547 0.9721994 0 0 0.987797 -0.1557468 0 0.987797 -0.1557468 0 0.987797 -0.1557468 0 0.987797 -0.1557468 0 0.9877865 -0.1558133 0 0.9877865 -0.1558133 0 0.9877865 -0.1558133 0 0.9877865 -0.1558133 0 0.9876541 0.1566506 0 0.9876541 0.1566506 0 0.9876541 0.1566506 0 0.9876541 0.1566506 0 0.9877625 0.1559655 0 0.9877625 0.1559655 0 0.9877625 0.1559655 0 0.9877625 0.1559655  
	<SubMeshes>: 1
		<SubMesh>: 0 432 0 1 2 0 2 3 4 5 6 4 6 7 8 9 10 8 10 11 12 13 14 12 14 15 16 17 18 16 18 19 20 21 22 20 22 23 24 25 26 24 26 27 28 29 30 28 30 31 32 33 34 32 34 35 36 37 38 36 38 39 40 41 42 40 42 43 44 45 46 44 46 47 48 49 50 48 50 51 52 53 54 52 54 55 56 57 58 56 58 59 60 61 62 60 62 63 64 65 66 64 66 67 68 69 70 68 70 71 72 73 74 72 74 75 76 77 78 76 78 79 80 81 82 80 82 83 84 85 86 84 86 87 88 89 90 88 90 91 92 93 94 92 94 95 96 97 98 96 98 99 100 101 102 100 102 103 104 105 106 104 106 107 108 109 110 108 110 111 112 113 114 112 114 115 116 117 118 116 118 119 120 121 122 120 122 123 124 125 126 124 126 127 128 129 130 128 130 131 132 133 134 132 134 135 136 137 138 136 138 139 140 141 142 140 142 143 144 145 146 144 146 147 148 149 150 148 150 151 152 153 154 152 154 155 156 157 158 156 158 159 160 161 162 160 162 163 164 165 166 164 166 167 168 169 170 168 170 171 172 173 174 172 174 175 176 177 178 176 178 179 180 181 182 180 182 183 184 185 186 184 186 187 188 189 190 188 190 191 192 193 194 192 195 193 194 193 196 197 195 192 194 196 198 197 199 195 198 196 199 198 199 197 200 201 202 200 203 201 202 201 204 205 203 200 202 204 206 205 207 203 206 204 207 206 207 205 208 209 210 208 211 209 210 209 212 213 211 208 210 212 214 213 215 211 214 212 215 214 215 213 216 217 218 216 219 217 218 217 220 221 219 216 218 220 222 221 223 219 222 220 223 222 223 221 224 225 226 224 227 225 226 225 228 229 227 224 226 228 230 229 231 227 230 228 231 230 231 229 232 233 234 232 235 233 234 233 236 237 235 232 234 236 238 237 239 235 238 236 239 238 239 237  
</Mesh>
