<Mesh>: 244 SM_Prop_Crate_04
	<Bounds>: 0 0.2034477 0 0.3984884 0.2034477 0.2328269
	<Positions>: 244 0.3863371 0.3465841 0.2182583 0.3646412 0.3465841 0.2328269 0.3714239 0.3331336 0.2238395 0.3646412 0.3465841 0.2328269 0.3185747 0.4068955 0.1618719 0.3139962 0.382602 0.2328269 -0.3714239 0.1555744 -0.2238395 -0.2675656 0.1308514 -0.2238395 -0.3523276 0.1403578 -0.2036156 -0.3714239 0.1376479 -0.1330717 -0.3714239 0.1555744 -0.2238395 -0.3523276 0.1403578 -0.2036156 -0.3714239 0.1376479 -0.1330717 -0.3523276 0.1403578 -0.2036156 -0.3714239 0.1020744 -0.2238394 -0.2675656 0.1308514 -0.2238395 -0.3714239 0.1020744 -0.2238394 -0.3523276 0.1403578 -0.2036156 0 0.06715852 0.2238395 -0.3714239 0.06715852 0.2238395 -0.3984884 0.04181036 0.2328269 0 0.04181036 0.2328269 0.3984884 0.04181036 0.2328269 0.3714239 0.06715852 0.2238395 0.1985697 0.4068955 -0.1618719 -0.3185747 0.4068955 -0.1618719 -0.3185747 0.4068955 0.1618719 -0.06170157 0.4068955 0.1618719 0.3185747 0.4068955 0.1618719 0.3185747 0.4068955 -0.1618719 0 0.04181036 -0.2328269 -0.3984884 0.04181036 -0.2328269 -0.3714239 0.06715864 -0.2238395 0 0.06715864 -0.2238395 0.3714239 0.06715864 -0.2238395 0.3984884 0.04181036 -0.2328269 0 0 0.2328269 -0.3984884 0 0.2328269 -0.3984884 0 -0.2328269 0 0 -0.2328269 0.3984884 0 -0.2328269 0.3984884 0 0.2328269 -0.3984884 0.04181036 0.2328269 -0.3714239 0.06715852 0.2238395 -0.3714239 0.06715864 -0.2238395 -0.3984884 0.04181036 -0.2328269 0.3984884 0.04181036 -0.2328269 0.3714239 0.06715864 -0.2238395 0.3714239 0.06715852 0.2238395 0.3984884 0.04181036 0.2328269 0.3984884 0 -0.2328269 0.3984884 0.04181036 -0.2328269 0.3984884 0.04181036 0.2328269 0.3984884 0 0.2328269 0 0.04181036 0.2328269 -0.3984884 0.04181036 0.2328269 -0.3984884 0 0.2328269 0 0 0.2328269 0.3984884 0 0.2328269 0.3984884 0.04181036 0.2328269 -0.3984884 0 0.2328269 -0.3984884 0.04181036 0.2328269 -0.3984884 0.04181036 -0.2328269 -0.3984884 0 -0.2328269 0 0 -0.2328269 -0.3984884 0 -0.2328269 -0.3984884 0.04181036 -0.2328269 0 0.04181036 -0.2328269 0.3984884 0.04181036 -0.2328269 0.3984884 0 -0.2328269 -0.07254951 0.3465841 0.2328269 -0.3863371 0.3465841 0.2328269 -0.3714239 0.3331336 0.2238395 -0.06170157 0.3331336 0.2238395 0.3714239 0.3331336 0.2238395 -0.05438645 0.3465841 0.2328269 0.3646412 0.3465841 0.2328269 0.3714239 0.3331336 -0.2238395 0.3863371 0.3465841 -0.2328269 0.3863371 0.3465841 0.2182583 0.3714239 0.3331336 0.2238395 0.1985697 0.3331336 -0.2238395 -0.3714239 0.3331336 -0.2238395 -0.3863371 0.3465841 -0.2328269 0.1927826 0.3465841 -0.2328269 0.3863371 0.3465841 -0.2328269 0.3714239 0.3331336 -0.2238395 0.208708 0.3465841 -0.2328269 -0.3714239 0.3331336 0.2238395 -0.3863371 0.3465841 0.2328269 -0.3863371 0.3465841 -0.2328269 -0.3714239 0.3331336 -0.2238395 -0.09787204 0.382602 0.2328269 -0.3863371 0.382602 0.2328269 -0.3863371 0.3465841 0.2328269 -0.07254951 0.3465841 0.2328269 0.3863371 0.3465841 -0.2328269 0.3863371 0.382602 -0.2328269 0.3863371 0.382602 0.1911918 0.3863371 0.3465841 0.2182583 0.1927826 0.3465841 -0.2328269 -0.3863371 0.3465841 -0.2328269 -0.3863371 0.382602 -0.2328269 0.1705074 0.382602 -0.2328269 -0.3863371 0.3465841 0.2328269 -0.3863371 0.382602 0.2328269 -0.3863371 0.382602 -0.2328269 -0.3863371 0.3465841 -0.2328269 0.3592314 0.2103129 -0.2105304 0.3714239 0.2313506 -0.2238395 0.3714239 0.2313506 0.2238395 0.3592314 0.2103128 0.2105304 0 0.2313506 0.2238395 -0.3714239 0.2313506 0.2238395 -0.3592314 0.2103128 0.2105304 0 0.2103128 0.2105304 0.3592314 0.2103128 0.2105304 0.3714239 0.2313506 0.2238395 -0.3592314 0.2103128 0.2105304 -0.3714239 0.2313506 0.2238395 -0.3714239 0.2313506 -0.2238395 -0.3592314 0.2103129 -0.2105304 0 0.2103129 -0.2105304 -0.3592314 0.2103129 -0.2105304 -0.3714239 0.2313506 -0.2238395 0 0.2313506 -0.2238395 0.3714239 0.2313506 -0.2238395 0.3592314 0.2103129 -0.2105304 -0.06170157 0.4068955 0.1618719 -0.3185747 0.4068955 0.1618719 -0.3863371 0.382602 0.2328269 -0.09787204 0.382602 0.2328269 0.3185747 0.4068955 0.1618719 -0.0316419 0.382602 0.2328269 0.3139962 0.382602 0.2328269 -0.3863371 0.382602 0.2328269 -0.3185747 0.4068955 0.1618719 -0.3185747 0.4068955 -0.1618719 -0.3863371 0.382602 -0.2328269 -0.3863371 0.382602 -0.2328269 -0.3185747 0.4068955 -0.1618719 0.1985697 0.4068955 -0.1618719 0.1705074 0.382602 -0.2328269 0.3185747 0.4068955 -0.1618719 0.3863371 0.382602 -0.2328269 0.242283 0.382602 -0.2328269 0.3863371 0.382602 -0.2328269 0.3185747 0.4068955 -0.1618719 0.3185747 0.4068955 0.1618719 0.3863371 0.382602 0.1911918 0.3714239 0.1882567 -0.2238395 0.3592314 0.2103129 -0.2105304 0.3592314 0.2103128 0.2105304 0.3714239 0.1882566 0.2238395 0 0.2103128 0.2105304 -0.3592314 0.2103128 0.2105304 -0.3714239 0.1882566 0.2238395 0 0.1882566 0.2238395 0.3714239 0.1882566 0.2238395 0.3592314 0.2103128 0.2105304 -0.3714239 0.1882566 0.2238395 -0.3592314 0.2103128 0.2105304 -0.3592314 0.2103129 -0.2105304 -0.3714239 0.1882567 -0.2238395 0 0.1882567 -0.2238395 -0.3714239 0.1882567 -0.2238395 -0.3592314 0.2103129 -0.2105304 0 0.2103129 -0.2105304 0.3592314 0.2103129 -0.2105304 0.3714239 0.1882567 -0.2238395 -0.06170157 0.3331336 0.2238395 -0.3714239 0.3331336 0.2238395 -0.3714239 0.2313506 0.2238395 0 0.2313506 0.2238395 0.3714239 0.2313506 0.2238395 0.3714239 0.3331336 0.2238395 0.3714239 0.2313506 -0.2238395 0.3714239 0.3331336 -0.2238395 0.3714239 0.3331336 0.2238395 0.3714239 0.2313506 0.2238395 0 0.2313506 -0.2238395 -0.3714239 0.2313506 -0.2238395 -0.3714239 0.3331336 -0.2238395 0.1985697 0.3331336 -0.2238395 0.3714239 0.3331336 -0.2238395 0.3714239 0.2313506 -0.2238395 -0.3714239 0.2313506 0.2238395 -0.3714239 0.3331336 0.2238395 -0.3714239 0.3331336 -0.2238395 -0.3714239 0.2313506 -0.2238395 0.3714239 0.06715864 -0.2238395 0.3714239 0.1882567 -0.2238395 0.3714239 0.1882566 0.2238395 0.3714239 0.06715852 0.2238395 0 0.1882566 0.2238395 -0.3714239 0.1882566 0.2238395 -0.3714239 0.06715852 0.2238395 0 0.06715852 0.2238395 0.3714239 0.06715852 0.2238395 0.3714239 0.1882566 0.2238395 -0.3714239 0.1882566 0.2238395 -0.3714239 0.1882567 -0.2238395 -0.3714239 0.1555744 -0.2238395 -0.3714239 0.1376479 -0.1330717 -0.3714239 0.06715852 0.2238395 -0.3714239 0.1020744 -0.2238394 -0.3714239 0.06715864 -0.2238395 -0.3714239 0.1555744 -0.2238395 -0.3714239 0.1882567 -0.2238395 0 0.1882567 -0.2238395 -0.2675656 0.1308514 -0.2238395 0 0.06715864 -0.2238395 0.3714239 0.1882567 -0.2238395 0.3714239 0.06715864 -0.2238395 -0.3714239 0.06715864 -0.2238395 -0.3714239 0.1020744 -0.2238394 0.3863371 0.382602 0.1911918 0.3185747 0.4068955 0.1618719 0.3646412 0.3465841 0.2328269 0.3863371 0.3465841 0.2182583 0.3139962 0.382602 0.2328269 -0.0316419 0.382602 0.2328269 -0.05438645 0.3465841 0.2328269 0.3646412 0.3465841 0.2328269 0.3863371 0.382602 -0.2328269 0.3863371 0.3465841 -0.2328269 0.208708 0.3465841 -0.2328269 0.242283 0.382602 -0.2328269 -0.06170157 0.4068955 0.1618719 -0.09787204 0.382602 0.2328269 -0.07254951 0.3465841 0.2328269 -0.06170157 0.3331336 0.2238395 -0.0316419 0.382602 0.2328269 -0.06170157 0.4068955 0.1618719 -0.06170157 0.3331336 0.2238395 -0.05438645 0.3465841 0.2328269 0.208708 0.3465841 -0.2328269 0.1985697 0.3331336 -0.2238395 0.1985697 0.4068955 -0.1618719 0.242283 0.382602 -0.2328269 0.1985697 0.3331336 -0.2238395 0.1927826 0.3465841 -0.2328269 0.1705074 0.382602 -0.2328269 0.1985697 0.4068955 -0.1618719  
	<Colors>: 0  
	<TextureCoords0>: 244 0.3529257 0.813481 0.3529257 0.813481 0.3529257 0.813481 0.3529257 0.813481 0.3529257 0.813481 0.3529257 0.813481 0.3521541 0.8649255 0.3521541 0.8649255 0.3521541 0.8649255 0.3521541 0.8649255 0.352154 0.8649255 0.352154 0.8649255 0.3521541 0.8649255 0.352154 0.8649255 0.352154 0.8649255 0.3521541 0.8649255 0.3521541 0.8649255 0.3521541 0.8649255 0.3521541 0.8115518 0.3521541 0.8115518 0.3521541 0.8115518 0.3521541 0.8115518 0.3521541 0.8115518 0.3521541 0.8115518 0.3529257 0.813481 0.3529257 0.813481 0.3529257 0.813481 0.3529257 0.813481 0.3529257 0.813481 0.3529257 0.813481 0.3521541 0.8115518 0.3521541 0.8115518 0.3521541 0.8115518 0.3521541 0.8115518 0.3521541 0.8115518 0.352154 0.8115518 0.3521541 0.8115519 0.3521541 0.8115519 0.3521541 0.8115518 0.3521541 0.8115518 0.352154 0.8115518 0.352154 0.8115519 0.3521541 0.8115518 0.3521541 0.8115518 0.352154 0.8115518 0.352154 0.8115518 0.3521541 0.8115518 0.3521541 0.8115518 0.3521541 0.8115518 0.3521541 0.8115518 0.3521541 0.8115518 0.3521541 0.8115518 0.3521541 0.8115518 0.352154 0.8115518 0.3521541 0.8115518 0.3521541 0.8115518 0.3521541 0.8115518 0.3521541 0.8115518 0.352154 0.8115518 0.3521541 0.8115518 0.3521541 0.8115518 0.3521541 0.8115518 0.352154 0.8115518 0.352154 0.8115518 0.3521541 0.8115518 0.3521541 0.8115518 0.3521541 0.8115518 0.3521541 0.8115518 0.352154 0.8115518 0.352154 0.8115518 0.3529257 0.813481 0.3529257 0.813481 0.3529257 0.813481 0.3529257 0.813481 0.3529257 0.813481 0.3529257 0.813481 0.3529257 0.813481 0.3529257 0.813481 0.3529257 0.813481 0.3529257 0.813481 0.3529257 0.813481 0.3529257 0.813481 0.3529257 0.813481 0.3529257 0.813481 0.3529257 0.813481 0.3529257 0.813481 0.3529257 0.813481 0.3529257 0.813481 0.3529257 0.813481 0.3529257 0.813481 0.3529257 0.813481 0.3529257 0.813481 0.3529257 0.813481 0.3529257 0.813481 0.3529257 0.813481 0.3529257 0.813481 0.3529257 0.813481 0.3529257 0.813481 0.3529257 0.813481 0.3529257 0.813481 0.3529257 0.813481 0.3529257 0.813481 0.3529257 0.813481 0.3529257 0.813481 0.3529257 0.813481 0.3529257 0.813481 0.3529257 0.813481 0.3529257 0.813481 0.3521541 0.8649255 0.3521541 0.8649255 0.352154 0.8649255 0.352154 0.8649255 0.3521541 0.8649255 0.3521541 0.8649255 0.3521541 0.8649255 0.3521541 0.8649255 0.352154 0.8649255 0.352154 0.8649255 0.3521541 0.8649255 0.3521541 0.8649255 0.352154 0.8649255 0.352154 0.8649255 0.3521541 0.8649255 0.3521541 0.8649255 0.3521541 0.8649255 0.3521541 0.8649255 0.352154 0.8649255 0.352154 0.8649255 0.3529257 0.813481 0.3529257 0.813481 0.3529257 0.813481 0.3529257 0.813481 0.3529257 0.813481 0.3529257 0.813481 0.3529257 0.813481 0.3529257 0.813481 0.3529257 0.813481 0.3529257 0.813481 0.3529257 0.813481 0.3529257 0.813481 0.3529257 0.813481 0.3529257 0.813481 0.3529257 0.813481 0.3529257 0.813481 0.3529257 0.813481 0.3529257 0.813481 0.3529257 0.813481 0.3529257 0.813481 0.3529257 0.813481 0.3529257 0.813481 0.3521541 0.8649255 0.3521541 0.8649255 0.352154 0.8649255 0.352154 0.8649255 0.3521541 0.8649255 0.3521541 0.8649255 0.3521541 0.8649255 0.3521541 0.8649255 0.352154 0.8649255 0.352154 0.8649255 0.3521541 0.8649255 0.3521541 0.8649255 0.352154 0.8649255 0.352154 0.8649255 0.3521541 0.8649255 0.3521541 0.8649255 0.3521541 0.8649255 0.3521541 0.8649255 0.352154 0.8649255 0.352154 0.8649255 0.3521541 0.8649255 0.3521541 0.8649255 0.3521541 0.8649255 0.3521541 0.8649255 0.352154 0.8649255 0.352154 0.8649255 0.3521541 0.8649255 0.3521541 0.8649255 0.352154 0.8649255 0.352154 0.8649255 0.3521541 0.8649255 0.3521541 0.8649255 0.3521541 0.8649255 0.3521541 0.8649255 0.352154 0.8649255 0.352154 0.8649255 0.3521541 0.8649255 0.3521541 0.8649255 0.352154 0.8649255 0.352154 0.8649255 0.3521541 0.8649255 0.3521541 0.8649255 0.352154 0.8649255 0.3521541 0.8649255 0.3521541 0.8649255 0.3521541 0.8649255 0.3521541 0.8649255 0.3521541 0.8649255 0.3521541 0.8649255 0.352154 0.8649255 0.3521541 0.8649255 0.352154 0.8649255 0.352154 0.8649255 0.3521541 0.8649255 0.3521541 0.8649255 0.352154 0.8649255 0.352154 0.8649255 0.3521541 0.8649255 0.3521541 0.8649255 0.3521541 0.8649255 0.3521541 0.8649255 0.3521541 0.8649255 0.352154 0.8649255 0.3521541 0.8649255 0.3521541 0.8649255 0.3521541 0.8649255 0.3529257 0.813481 0.3529257 0.813481 0.3529257 0.813481 0.3529257 0.813481 0.3529257 0.813481 0.3529257 0.813481 0.3529257 0.813481 0.3529257 0.813481 0.3529257 0.813481 0.3529257 0.813481 0.3529257 0.813481 0.3529257 0.813481 0.3529257 0.813481 0.3529257 0.813481 0.3529257 0.813481 0.3529257 0.813481 0.3529257 0.813481 0.3529257 0.813481 0.3529257 0.813481 0.3529257 0.813481 0.3529257 0.813481 0.3529257 0.813481 0.3529257 0.813481 0.3529257 0.813481 0.3529257 0.813481 0.3529257 0.813481 0.3529257 0.813481 0.3529257 0.813481  
	<TextureCoords1>: 0  
	<Normals>: 244 0.537708 -0.2639105 0.8007631 0.537708 -0.2639105 0.8007631 0.537708 -0.2639105 0.8007631 0.5525623 0.7769618 0.3016706 0.5525623 0.7769618 0.3016706 0.5525623 0.7769618 0.3016706 -0.20602 -0.8654652 -0.4566463 -0.20602 -0.8654652 -0.4566463 -0.20602 -0.8654652 -0.4566463 -0.4994701 -0.849914 -0.1678566 -0.4994701 -0.849914 -0.1678566 -0.4994701 -0.849914 -0.1678566 -0.8286039 0.5212341 -0.2042809 -0.8286039 0.5212341 -0.2042809 -0.8286039 0.5212341 -0.2042809 -0.1433114 0.5172206 -0.8437682 -0.1433114 0.5172206 -0.8437682 -0.1433114 0.5172206 -0.8437682 0 0.334178 0.9425099 0 0.334178 0.9425099 0 0.334178 0.9425099 0 0.334178 0.9425099 0 0.334178 0.9425099 0 0.334178 0.9425099 0 1 0 0 1 0 0 1 0 0 1 0 0 1 0 0 1 0 0 0.3341766 -0.9425105 0 0.3341766 -0.9425105 0 0.3341766 -0.9425105 0 0.3341766 -0.9425105 0 0.3341766 -0.9425105 0 0.3341766 -0.9425105 0 -1 0 0 -1 0 0 -1 0 0 -1 0 0 -1 0 0 -1 0 -0.6835853 0.7298706 0 -0.6835853 0.7298706 0 -0.6835853 0.7298706 0 -0.6835853 0.7298706 0 0.6835853 0.7298706 0 0.6835853 0.7298706 0 0.6835853 0.7298706 0 0.6835853 0.7298706 0 1 0 0 1 0 0 1 0 0 1 0 0 0 0 1 0 0 1 0 0 1 0 0 1 0 0 1 0 0 1 -1 0 0 -1 0 0 -1 0 0 -1 0 0 0 0 -1 0 0 -1 0 0 -1 0 0 -1 0 0 -1 0 0 -1 0 -0.5555765 0.8314654 0 -0.5555765 0.8314654 0 -0.5555765 0.8314654 0 -0.5555766 0.8314654 0 -0.5555766 0.8314654 0 -0.5555766 0.8314654 0 -0.5555766 0.8314654 0.6697517 -0.7425851 0 0.6697517 -0.7425851 0 0.6697517 -0.7425851 0 0.6697517 -0.7425851 0 0 -0.5555766 -0.8314654 0 -0.5555766 -0.8314654 0 -0.5555766 -0.8314654 0 -0.5555766 -0.8314654 0 -0.5555766 -0.8314654 0 -0.5555766 -0.8314654 0 -0.5555766 -0.8314654 -0.6697518 -0.7425851 0 -0.6697518 -0.7425851 0 -0.6697518 -0.7425851 0 -0.6697518 -0.7425851 0 0 0 1 0 0 1 0 0 1 0 0 1 1 0 0 1 0 0 1 0 0 1 0 0 0 0 -1 0 0 -1 0 0 -1 0 0 -1 -1 0 0 -1 0 0 -1 0 0 -1 0 0 0.8651982 -0.50143 0 0.8651982 -0.50143 0 0.8651982 -0.50143 0 0.8651982 -0.50143 0 0 -0.5346271 0.845088 0 -0.5346271 0.845088 0 -0.5346271 0.845088 0 -0.5346271 0.845088 0 -0.5346271 0.845088 0 -0.5346271 0.845088 -0.8651982 -0.50143 0 -0.8651982 -0.50143 0 -0.8651982 -0.50143 0 -0.8651982 -0.50143 0 0 -0.5346271 -0.8450882 0 -0.5346271 -0.8450882 0 -0.5346271 -0.8450882 0 -0.5346271 -0.8450882 0 -0.5346271 -0.8450882 0 -0.5346271 -0.8450882 0 0.9460847 0.3239192 0 0.9460847 0.3239192 0 0.9460847 0.3239192 0 0.9460847 0.3239192 0 0.9460847 0.3239192 0 0.9460847 0.3239192 0 0.9460847 0.3239192 -0.3374774 0.9413337 0 -0.3374774 0.9413337 0 -0.3374774 0.9413337 0 -0.3374774 0.9413337 0 0 0.9460847 -0.3239192 0 0.9460847 -0.3239192 0 0.9460847 -0.3239192 0 0.9460847 -0.3239192 0 0.9460847 -0.3239192 0 0.9460847 -0.3239192 0 0.9460847 -0.3239192 0.3374774 0.9413337 0 0.3374774 0.9413337 0 0.3374774 0.9413337 0 0.3374774 0.9413337 0 0.8751821 0.4837936 0 0.8751821 0.4837936 0 0.8751821 0.4837936 0 0.8751821 0.4837936 0 0 0.5166442 0.8562002 0 0.5166442 0.8562002 0 0.5166442 0.8562002 0 0.5166442 0.8562002 0 0.5166442 0.8562002 0 0.5166442 0.8562002 -0.8751821 0.4837936 0 -0.8751821 0.4837936 0 -0.8751821 0.4837936 0 -0.8751821 0.4837936 0 0 0.5166438 -0.8562005 0 0.5166438 -0.8562005 0 0.5166438 -0.8562005 0 0.5166438 -0.8562005 0 0.5166438 -0.8562005 0 0.5166438 -0.8562005 0 0 1 0 0 1 0 0 1 0 0 1 0 0 1 0 0 1 1 0 0 1 0 0 1 0 0 1 0 0 0 0 -1 0 0 -1 0 0 -1 0 0 -1 0 0 -1 0 0 -1 -1 0 0 -1 0 0 -1 0 0 -1 0 0 1 0 0 1 0 0 1 0 0 1 0 0 0 0 1 0 0 1 0 0 1 0 0 1 0 0 1 0 0 1 -1 0 0 -1 0 0 -1 0 0 -1 0 0 -1 0 0 -1 0 0 -1 0 0 0 0 -1 0 0 -1 0 0 -1 0 0 -1 0 0 -1 0 0 -1 0 0 -1 0 0 -1 0 0 -1 0.08673527 0.7306241 0.6772484 0.08673527 0.7306241 0.6772484 0.08673527 0.7306241 0.6772484 0.08673527 0.7306241 0.6772484 0 0 1 0 0 1 0 0 1 0 0 1 0 0 -1 0 0 -1 0 0 -1 0 0 -1 0.740999 0.4514997 0.4970598 0.740999 0.4514997 0.4970598 0.740999 0.4514997 0.4970598 0.740999 0.4514997 0.4970598 -0.8036582 0.4099806 0.4313345 -0.8036582 0.4099806 0.4313345 -0.8036582 0.4099806 0.4313345 -0.8036582 0.4099806 0.4313345 -0.6817257 0.5064992 -0.5279286 -0.6817257 0.5064992 -0.5279286 -0.6817257 0.5064992 -0.5279286 -0.6817257 0.5064992 -0.5279286 0.8254936 0.3950447 -0.4031129 0.8254936 0.3950447 -0.4031129 0.8254936 0.3950447 -0.4031129 0.8254936 0.3950447 -0.4031129  
	<Tangents>: 244 0.1471227 0.9645472 0.2190974 0.1471227 0.9645472 0.2190974 0.1471227 0.9645472 0.2190974 -0.1748371 -0.2458397 0.9534122 -0.1748371 -0.2458397 0.9534122 -0.1748371 -0.2458397 0.9534122 0.9785478 -0.182212 -0.09614068 0.9785478 -0.182212 -0.09614068 0.9785478 -0.182212 -0.09614068 -0.08504602 -0.144717 0.9858114 -0.08504602 -0.144717 0.9858114 -0.08504602 -0.144717 0.9858114 -0.1729143 0.1087719 0.9789123 -0.1729143 0.1087719 0.9789123 -0.1729143 0.1087719 0.9789123 0.9896776 0.07489673 -0.1221828 0.9896776 0.07489673 -0.1221828 0.9896776 0.07489673 -0.1221828 1 0 0 1 0 0 1 0 0 1 0 0 1 0 0 1 0 0 1 0 0 1 0 0 1 0 0 1 0 0 1 0 0 1 0 0 1 0 0 1 0 0 1 0 0 1 0 0 1 0 0 1 0 0 1 0 0 1 0 0 1 0 0 1 0 0 1 0 0 1 0 0 0 0 1 0 0 1 0 0 1 0 0 1 0 0 1 0 0 1 0 0 1 0 0 1 0 1 0 0 1 0 0 1 0 0 1 0 1 0 0 1 0 0 1 0 0 1 0 0 1 0 0 1 0 0 0 1 0 0 1 0 0 1 0 0 1 0 1 0 0 1 0 0 1 0 0 1 0 0 1 0 0 1 0 0 1 0 0 1 0 0 1 0 0 1 0 0 1 0 0 1 0 0 1 0 0 0 0 1 0 0 1 0 0 1 0 0 1 1 0 0 1 0 0 1 0 0 1 0 0 1 0 0 1 0 0 1 0 0 0 0 1 0 0 1 0 0 1 0 0 1 1 0 0 1 0 0 1 0 0 1 0 0 0 1 0 0 1 0 0 1 0 0 1 0 1 0 0 1 0 0 1 0 0 1 0 0 0 1 0 0 1 0 0 1 0 0 1 0 0 0 1 0 0 1 0 0 1 0 0 1 1 0 0 1 0 0 1 0 0 1 0 0 1 0 0 1 0 0 0 0 1 0 0 1 0 0 1 0 0 1 1 0 0 1 0 0 1 0 0 1 0 0 1 0 0 1 0 0 1 0 0 1 0 0 1 0 0 1 0 0 1 0 0 1 0 0 1 0 0 0 0 1 0 0 1 0 0 1 0 0 1 1 0 0 1 0 0 1 0 0 1 0 0 1 0 0 1 0 0 1 0 0 0 0 1 0 0 1 0 0 1 0 0 1 0 0 1 0 0 1 0 0 1 0 0 1 1 0 0 1 0 0 1 0 0 1 0 0 1 0 0 1 0 0 0 0 1 0 0 1 0 0 1 0 0 1 1 0 0 1 0 0 1 0 0 1 0 0 1 0 0 1 0 0 1 0 0 1 0 0 1 0 0 1 0 0 1 0 0 1 0 0 0 1 0 0 1 0 0 1 0 0 1 0 1 0 0 1 0 0 1 0 0 1 0 0 1 0 0 1 0 0 0 1 0 0 1 0 0 1 0 0 1 0 0 1 0 0 1 0 0 1 0 0 1 0 1 0 0 1 0 0 1 0 0 1 0 0 1 0 0 1 0 0 0 1 0 0 1 0 0 1 0 0 1 0 0 1 0 0 1 0 0 1 0 1 0 0 1 0 0 1 0 0 1 0 0 1 0 0 1 0 0 1 0 0 1 0 0 1 0 0 0.9962314 -0.0636106 -0.05896353 0.9962314 -0.0636106 -0.05896353 0.9962314 -0.0636106 -0.05896353 0.9962314 -0.0636106 -0.05896353 1 0 0 1 0 0 1 0 0 1 0 0 1 0 0 1 0 0 1 0 0 1 0 0 -0.3749542 0.8922712 -0.2515181 -0.3749542 0.8922712 -0.2515181 -0.3749542 0.8922712 -0.2515181 -0.3749542 0.8922712 -0.2515181 0.3612393 0.9120942 -0.1938821 0.3612393 0.9120942 -0.1938821 0.3612393 0.9120942 -0.1938821 0.3612393 0.9120942 -0.1938821 0.4004609 0.8622404 0.310117 0.4004609 0.8622404 0.310117 0.4004609 0.8622404 0.310117 0.4004609 0.8622404 0.310117 -0.3549802 0.918662 0.1733474 -0.3549802 0.918662 0.1733474 -0.3549802 0.918662 0.1733474 -0.3549802 0.918662 0.1733474  
	<BiTangents>: 244 0.8301958 1.057893E-08 -0.5574719 0.8301958 1.057893E-08 -0.5574719 0.8301958 1.057893E-08 -0.5574719 0.8149275 -0.5795629 8.94592E-09 0.8149275 -0.5795629 8.94592E-09 0.8149275 -0.5795629 8.94592E-09 -2.129975E-09 -0.466657 0.8844383 -2.129975E-09 -0.466657 0.8844383 -2.129975E-09 -0.466657 0.8844383 0.8621466 -0.5066589 -6.158675E-09 0.8621466 -0.5066589 -6.158675E-09 0.8621466 -0.5066589 -6.158675E-09 0.5324625 0.8464536 -6.537602E-09 0.5324625 0.8464536 -6.537602E-09 0.5324625 0.8464536 -6.537602E-09 1.744025E-09 0.8525687 0.5226151 1.744025E-09 0.8525687 0.5226151 1.744025E-09 0.8525687 0.5226151 0 0.9425099 -0.334178 0 0.9425099 -0.334178 0 0.9425099 -0.334178 0 0.9425099 -0.334178 0 0.9425099 -0.334178 0 0.9425099 -0.334178 0 0 1 0 0 1 0 0 1 0 0 1 0 0 1 0 0 1 0 0.9425105 0.3341766 0 0.9425105 0.3341766 0 0.9425105 0.3341766 0 0.9425105 0.3341766 0 0.9425105 0.3341766 0 0.9425105 0.3341766 0 0 1 0 0 1 0 0 1 0 0 1 0 0 1 0 0 1 0.7298706 0.6835853 0 0.7298706 0.6835853 0 0.7298706 0.6835853 0 0.7298706 0.6835853 0 0.7298706 -0.6835853 0 0.7298706 -0.6835853 0 0.7298706 -0.6835853 0 0.7298706 -0.6835853 0 0 0 1 0 0 1 0 0 1 0 0 1 0 1 0 0 1 0 0 1 0 0 1 0 0 1 0 0 1 0 0 0 1 0 0 1 0 0 1 0 0 1 0 1 0 0 1 0 0 1 0 0 1 0 0 1 0 0 1 0 0 0.8314654 0.5555765 0 0.8314654 0.5555765 0 0.8314654 0.5555765 0 0.8314654 0.5555766 0 0.8314654 0.5555766 0 0.8314654 0.5555766 0 0.8314654 0.5555766 0.7425851 0.6697518 0 0.7425851 0.6697518 0 0.7425851 0.6697518 0 0.7425851 0.6697518 0 0 0.8314654 -0.5555766 0 0.8314654 -0.5555766 0 0.8314654 -0.5555766 0 0.8314654 -0.5555766 0 0.8314654 -0.5555766 0 0.8314654 -0.5555766 0 0.8314654 -0.5555766 0.7425851 -0.6697518 0 0.7425851 -0.6697518 0 0.7425851 -0.6697518 0 0.7425851 -0.6697518 0 0 1 0 0 1 0 0 1 0 0 1 0 0 0 1 0 0 1 0 0 1 0 0 1 0 1 0 0 1 0 0 1 0 0 1 0 0 0 1 0 0 1 0 0 1 0 0 1 0.50143 0.8651983 0 0.50143 0.8651983 0 0.50143 0.8651983 0 0.50143 0.8651983 0 0 0.8450881 0.5346272 0 0.8450881 0.5346272 0 0.8450881 0.5346272 0 0.8450881 0.5346272 0 0.8450881 0.5346272 0 0.8450881 0.5346272 -0.50143 0.8651983 0 -0.50143 0.8651983 0 -0.50143 0.8651983 0 -0.50143 0.8651983 0 0 0.8450881 -0.534627 0 0.8450881 -0.534627 0 0.8450881 -0.534627 0 0.8450881 -0.534627 0 0.8450881 -0.534627 0 0.8450881 -0.534627 0 -0.3239192 0.9460847 0 -0.3239192 0.9460847 0 -0.3239192 0.9460847 0 -0.3239192 0.9460847 0 -0.3239192 0.9460847 0 -0.3239192 0.9460847 0 -0.3239192 0.9460847 0.9413337 0.3374774 0 0.9413337 0.3374774 0 0.9413337 0.3374774 0 0.9413337 0.3374774 0 0 0.3239192 0.9460847 0 0.3239192 0.9460847 0 0.3239192 0.9460847 0 0.3239192 0.9460847 0 0.3239192 0.9460847 0 0.3239192 0.9460847 0 0.3239192 0.9460847 0.9413337 -0.3374774 0 0.9413337 -0.3374774 0 0.9413337 -0.3374774 0 0.9413337 -0.3374774 0 -0.4837936 0.8751822 0 -0.4837936 0.8751822 0 -0.4837936 0.8751822 0 -0.4837936 0.8751822 0 0 0.8562002 -0.5166442 0 0.8562002 -0.5166442 0 0.8562002 -0.5166442 0 0.8562002 -0.5166442 0 0.8562002 -0.5166442 0 0.8562002 -0.5166442 0.4837936 0.8751822 0 0.4837936 0.8751822 0 0.4837936 0.8751822 0 0.4837936 0.8751822 0 0 0.8562005 0.5166438 0 0.8562005 0.5166438 0 0.8562005 0.5166438 0 0.8562005 0.5166438 0 0.8562005 0.5166438 0 0.8562005 0.5166438 0 1 0 0 1 0 0 1 0 0 1 0 0 1 0 0 1 0 0 0 1 0 0 1 0 0 1 0 0 1 0 1 0 0 1 0 0 1 0 0 1 0 0 1 0 0 1 0 0 0 1 0 0 1 0 0 1 0 0 1 0 0 1 0 0 1 0 0 1 0 0 1 0 1 0 0 1 0 0 1 0 0 1 0 0 1 0 0 1 0 0 0 1 0 0 1 0 0 1 0 0 1 0 0 1 0 0 1 0 0 1 0 1 0 0 1 0 0 1 0 0 1 0 0 1 0 0 1 0 0 1 0 0 1 0 0 1 0 -2.514821E-09 -0.6798104 0.7333879 -2.514821E-09 -0.6798104 0.7333879 -2.514821E-09 -0.6798104 0.7333879 -2.514821E-09 -0.6798104 0.7333879 0 1 0 0 1 0 0 1 0 0 1 0 0 1 0 0 1 0 0 1 0 0 1 0 -0.5570725 1.079477E-08 0.8304639 -0.5570725 1.079477E-08 0.8304639 -0.5570725 1.079477E-08 0.8304639 -0.5570725 1.079477E-08 0.8304639 0.4729056 -1.129871E-08 0.8811131 0.4729056 -1.129871E-08 0.8811131 0.4729056 -1.129871E-08 0.8811131 0.4729056 -1.129871E-08 0.8811131 -0.6122754 -5.304015E-09 0.7906446 -0.6122754 -5.304015E-09 0.7906446 -0.6122754 -5.304015E-09 0.7906446 -0.6122754 -5.304015E-09 0.7906446 0.4388045 -1.195934E-08 0.8985826 0.4388045 -1.195934E-08 0.8985826 0.4388045 -1.195934E-08 0.8985826 0.4388045 -1.195934E-08 0.8985826  
	<SubMeshes>: 1
		<SubMesh>: 0 414 0 1 2 3 4 5 6 7 8 9 10 11 12 13 14 15 16 17 18 19 20 18 20 21 22 18 21 22 23 18 24 25 26 24 26 27 28 24 27 28 29 24 30 31 32 30 32 33 34 30 33 34 35 30 36 37 38 36 38 39 40 36 39 40 41 36 42 43 44 42 44 45 46 47 48 46 48 49 50 51 52 50 52 53 54 55 56 54 56 57 58 54 57 58 59 54 60 61 62 60 62 63 64 65 66 64 66 67 68 64 67 68 69 64 70 71 72 70 72 73 74 75 73 74 76 75 77 78 79 77 79 80 81 82 83 81 83 84 85 86 81 85 81 87 88 89 90 88 90 91 92 93 94 92 94 95 96 97 98 96 98 99 100 101 102 100 102 103 104 105 106 104 106 107 108 109 110 108 110 111 112 113 114 112 114 115 116 112 115 116 117 112 118 119 120 118 120 121 122 123 124 122 124 125 126 122 125 126 127 122 128 129 130 128 130 131 132 128 133 132 133 134 135 136 137 135 137 138 139 140 141 139 141 142 141 143 144 141 144 145 146 147 148 146 148 149 150 151 152 150 152 153 154 155 156 154 156 157 158 154 157 158 159 154 160 161 162 160 162 163 164 165 166 164 166 167 168 164 167 168 169 164 170 171 172 170 172 173 174 170 173 174 175 170 176 177 178 176 178 179 180 181 182 180 182 183 184 180 183 184 185 180 186 187 188 186 188 189 190 191 192 190 192 193 194 195 196 194 196 197 198 194 197 198 199 194 200 201 202 200 202 203 203 204 200 204 203 205 204 205 206 207 208 209 209 210 207 209 211 210 212 211 209 212 213 211 210 211 214 210 214 215 216 217 218 216 218 219 220 221 222 220 222 223 224 225 226 224 226 227 228 229 230 228 230 231 232 233 234 232 234 235 236 237 238 236 238 239 240 241 242 240 242 243  
</Mesh>
