<Mesh>: 144 SM_Veh_Boat_Large_Front_SailRigging_01_Pirate
	<Bounds>: -0.2741089 8.433584 7.988557 0.3140869 9.921738 10.93203
	<Positions>: 144 0.03997803 15.93644 4.136262 0.03997803 15.88552 4.038198 0.03997803 18.27967 -2.943469 0.03997803 18.35532 -2.917529 0.03997803 15.88552 4.038198 -0.03997803 15.88552 4.038195 -0.03997803 18.27967 -2.943469 0.03997803 18.27967 -2.943469 -0.03997803 15.88552 4.038195 -0.03997803 15.93644 4.136259 -0.03997803 18.35532 -2.917529 -0.03997803 18.27967 -2.943469 -0.03997803 15.93644 4.136259 0.03997803 15.93644 4.136262 0.03997803 18.35532 -2.917529 -0.03997803 18.35532 -2.917529 0.02850342 15.40493 4.078015 0.02850342 15.49875 4.091096 0.02850342 14.18879 5.09937 0.02850342 13.92164 5.232285 0.02850342 15.49875 4.091096 -0.02850342 15.49875 4.091093 -0.02850342 14.18879 5.099371 0.02850342 14.18879 5.09937 -0.02850342 15.49875 4.091093 -0.02850342 15.40493 4.078016 -0.02850342 13.92164 5.232286 -0.02850342 14.18879 5.099371 -0.02850342 15.40493 4.078016 0.02850342 15.40493 4.078015 0.02850342 13.92164 5.232285 -0.02850342 13.92164 5.232286 0.03997803 15.86899 4.092313 0.03997803 15.98183 4.093862 0.03997803 0.8090534 18.92058 0.03997803 0.7531624 18.86339 0.03997803 15.98183 4.093862 -0.03997803 15.98183 4.093859 -0.03997803 0.8090534 18.92058 0.03997803 0.8090534 18.92058 -0.03997803 15.98183 4.093859 -0.03997803 15.86899 4.09231 -0.03997803 0.7531624 18.86339 -0.03997803 0.8090534 18.92058 -0.03997803 15.86899 4.09231 0.03997803 15.86899 4.092313 0.03997803 0.7531624 18.86339 -0.03997803 0.7531624 18.86339 0.03997803 12.42705 4.107015 0.03997803 12.52643 4.127248 0.03997803 -0.09791469 14.92724 0.03997803 -0.1498995 14.86646 0.03997803 12.52643 4.127248 -0.03997803 12.52643 4.127245 -0.03997803 -0.09791469 14.92723 0.03997803 -0.09791469 14.92724 -0.03997803 12.52643 4.127245 -0.03997803 12.42705 4.107012 -0.03997803 -0.1498995 14.86645 -0.03997803 -0.09791469 14.92723 -0.03997803 12.42705 4.107012 0.03997803 12.42705 4.107015 0.03997803 -0.1498995 14.86646 -0.03997803 -0.1498995 14.86645 0.03582764 12.31179 4.05314 0.03582764 12.3133 4.144727 0.03582764 11.41381 4.720136 0.03582764 11.28618 4.732625 0.03582764 12.3133 4.144727 -0.03582764 12.3133 4.144728 -0.0357666 11.41381 4.720137 0.03582764 11.41381 4.720136 -0.03582764 12.3133 4.144728 -0.03582764 12.31179 4.053137 -0.0357666 11.28618 4.732622 -0.0357666 11.41381 4.720137 -0.03582764 12.31179 4.053137 0.03582764 12.31179 4.05314 0.03582764 11.28618 4.732625 -0.0357666 11.28618 4.732622 0.03579712 1.038223 13.18783 0.03579712 1.039728 13.27941 0.03579712 -0.1623983 14.59478 0.03579712 -0.2079649 14.53956 0.03579712 1.039728 13.27941 -0.03579712 1.039728 13.27941 -0.03579712 -0.1623983 14.59478 0.03579712 -0.1623983 14.59478 -0.03579712 1.039728 13.27941 -0.03579712 1.038223 13.18783 -0.03579712 -0.2079649 14.53956 -0.03579712 -0.1623983 14.59478 -0.03579712 1.038223 13.18783 0.03579712 1.038223 13.18783 0.03579712 -0.2079649 14.53956 -0.03579712 -0.2079649 14.53956 0.03579712 1.694139 17.47282 0.03579712 1.54731 17.74992 0.03579712 0.7793598 18.79775 0.03579712 0.7254219 18.75067 0.03579712 1.54731 17.74992 -0.03579712 1.54731 17.74992 -0.03579712 0.7793598 18.79775 0.03579712 0.7793598 18.79775 -0.03579712 1.54731 17.74992 -0.03579712 1.694139 17.47282 -0.03579712 0.7254219 18.75067 -0.03579712 0.7793598 18.79775 -0.03579712 1.694139 17.47282 0.03579712 1.694139 17.47282 0.03579712 0.7254219 18.75067 -0.03579712 0.7254219 18.75067 -0.5122986 5.206705 8.466259 -0.5169067 5.186884 8.549811 0.03552246 1.205873 4.301713 0.0357666 1.258129 4.252771 -0.5169067 5.186884 8.549811 -0.5881958 5.182512 8.544842 -0.0357666 1.201496 4.296739 0.03552246 1.205873 4.301713 -0.5881958 5.182512 8.544842 -0.5835876 5.202341 8.461282 -0.03552246 1.253759 4.247797 -0.0357666 1.201496 4.296739 -0.5835876 5.202341 8.461282 -0.5122986 5.206705 8.466259 0.0357666 1.258129 4.252771 -0.03552246 1.253759 4.247797 0.03582764 1.930384 5.537034 0.03582764 1.786533 5.558652 0.03582764 -1.488154 4.305646 0.03582764 -1.462568 4.238778 0.03582764 1.786533 5.558652 -0.03582764 1.786533 5.558653 -0.0357666 -1.488154 4.305647 0.03582764 -1.488154 4.305646 -0.03582764 1.786533 5.558653 -0.03582764 1.930384 5.537035 -0.0357666 -1.462568 4.238775 -0.0357666 -1.488154 4.305647 -0.03582764 1.930384 5.537035 0.03582764 1.930384 5.537034 0.03582764 -1.462568 4.238778 -0.0357666 -1.462568 4.238775  
	<Colors>: 0  
	<TextureCoords0>: 144 0.3619128 0.893497 0.3619128 0.893497 0.3619128 0.893497 0.3619128 0.893497 0.3619128 0.893497 0.3619128 0.893497 0.3619128 0.893497 0.3619128 0.893497 0.3619128 0.893497 0.3619128 0.893497 0.3619128 0.893497 0.3619128 0.893497 0.3619128 0.893497 0.3619128 0.893497 0.3619128 0.893497 0.3619128 0.893497 0.3619128 0.893497 0.3619128 0.893497 0.3619128 0.893497 0.3619128 0.893497 0.3619128 0.893497 0.3619128 0.893497 0.3619128 0.893497 0.3619128 0.893497 0.3619128 0.893497 0.3619128 0.893497 0.3619128 0.893497 0.3619128 0.893497 0.3619128 0.893497 0.3619128 0.893497 0.3619128 0.893497 0.3619128 0.893497 0.3619128 0.893497 0.3619128 0.893497 0.3619128 0.893497 0.3619128 0.893497 0.3619128 0.893497 0.3619128 0.893497 0.3619128 0.893497 0.3619128 0.893497 0.3619128 0.893497 0.3619128 0.893497 0.3619128 0.893497 0.3619128 0.893497 0.3619128 0.893497 0.3619128 0.893497 0.3619128 0.893497 0.3619128 0.893497 0.3619128 0.893497 0.3619128 0.893497 0.3619128 0.893497 0.3619128 0.893497 0.3619128 0.893497 0.3619128 0.893497 0.3619128 0.893497 0.3619128 0.893497 0.3619128 0.893497 0.3619128 0.893497 0.3619128 0.893497 0.3619128 0.893497 0.3619128 0.893497 0.3619128 0.893497 0.3619128 0.893497 0.3619128 0.893497 0.3619128 0.893497 0.3619128 0.893497 0.3619128 0.893497 0.3619128 0.893497 0.3619128 0.893497 0.3619128 0.893497 0.3619128 0.893497 0.3619128 0.893497 0.3619128 0.893497 0.3619128 0.893497 0.3619128 0.893497 0.3619128 0.893497 0.3619128 0.893497 0.3619128 0.893497 0.3619128 0.893497 0.3619128 0.893497 0.3619128 0.893497 0.3619128 0.893497 0.3619128 0.893497 0.3619128 0.893497 0.3619128 0.893497 0.3619128 0.893497 0.3619128 0.893497 0.3619128 0.893497 0.3619128 0.893497 0.3619128 0.893497 0.3619128 0.893497 0.3619128 0.893497 0.3619128 0.893497 0.3619128 0.893497 0.3619128 0.893497 0.3619128 0.893497 0.3619128 0.893497 0.3619128 0.893497 0.3619128 0.893497 0.3619128 0.893497 0.3619128 0.893497 0.3619128 0.893497 0.3619128 0.893497 0.3619128 0.893497 0.3619128 0.893497 0.3619128 0.893497 0.3619128 0.893497 0.3619128 0.893497 0.3619128 0.893497 0.3619128 0.893497 0.3619128 0.893497 0.3619128 0.893497 0.3619128 0.893497 0.3619128 0.893497 0.3619128 0.893497 0.3619128 0.893497 0.3619128 0.893497 0.3619128 0.893497 0.3619128 0.893497 0.3619128 0.893497 0.3619128 0.893497 0.3619128 0.893497 0.3619128 0.893497 0.3619128 0.893497 0.3619128 0.893497 0.3619128 0.893497 0.3619128 0.893497 0.3619128 0.893497 0.3619128 0.893497 0.3619128 0.893497 0.3619128 0.893497 0.3619128 0.893497 0.3619128 0.893497 0.3619128 0.893497 0.3619128 0.893497 0.3619128 0.893497 0.3619128 0.893497 0.3619128 0.893497 0.3619128 0.893497 0.3619128 0.893497 0.3619128 0.893497 0.3619128 0.893497 0.3619128 0.893497 0.3619128 0.893497  
	<TextureCoords1>: 0  
	<Normals>: 144 1 0 0 1 0 0 1 0 0 1 0 0 0 -0.9459278 -0.3243772 0 -0.9459278 -0.3243772 0 -0.9459278 -0.3243772 0 -0.9459278 -0.3243772 -1 0 0 -1 0 0 -1 0 0 -1 0 0 0 0.9459277 0.3243773 0 0.9459277 0.3243773 0 0.9459277 0.3243773 0 0.9459277 0.3243773 1 0 0 1 0 0 1 0 0 1 0 0 0 0.6099422 0.792446 0 0.6099422 0.792446 0 0.6099422 0.792446 0 0.6099422 0.792446 -1 0 0 -1 0 0 -1 0 0 -1 0 0 0 -0.6141391 -0.7891977 0 -0.6141391 -0.7891977 0 -0.6141391 -0.7891977 0 -0.6141391 -0.7891977 1 0 0 1 0 0 1 0 0 1 0 0 -4.497911E-05 0.6989034 0.715216 -4.497911E-05 0.6989034 0.715216 -4.497911E-05 0.6989034 0.715216 -4.497911E-05 0.6989034 0.715216 -1 0 0 -1 0 0 -1 0 0 -1 0 0 4.514855E-05 -0.6989036 -0.7152158 4.514855E-05 -0.6989036 -0.7152158 4.514855E-05 -0.6989036 -0.7152158 4.514855E-05 -0.6989036 -0.7152158 1 0 0 1 0 0 1 0 0 1 0 0 -5.16911E-05 0.6500664 0.7598774 -5.16911E-05 0.6500664 0.7598774 -5.16911E-05 0.6500664 0.7598774 -5.16911E-05 0.6500664 0.7598774 -1 0 0 -1 0 0 -1 0 0 -1 0 0 5.188589E-05 -0.6500666 -0.7598773 5.188589E-05 -0.6500666 -0.7598773 5.188589E-05 -0.6500666 -0.7598773 5.188589E-05 -0.6500666 -0.7598773 1 0 0 1 0 0 1 0 0 1 0 0 0 0.5388777 0.8423841 0 0.5388777 0.8423841 0 0.5388777 0.8423841 0 0.5388777 0.8423841 -1 0 0 -1 0 0 -1 0 0 -1 0 0 0 -0.5523029 -0.8336434 0 -0.5523029 -0.8336434 0 -0.5523029 -0.8336434 0 -0.5523029 -0.8336434 1 0 0 1 0 0 1 0 0 1 0 0 0 0.7381674 0.6746176 0 0.7381674 0.6746176 0 0.7381674 0.6746176 0 0.7381674 0.6746176 -1 0 0 -1 0 0 -1 0 0 -1 0 0 0 -0.7352269 -0.6778211 0 -0.7352269 -0.6778211 0 -0.7352269 -0.6778211 0 -0.7352269 -0.6778211 1 0 0 1 0 0 1 0 0 1 0 0 0 0.806575 0.5911317 0 0.806575 0.5911317 0 0.806575 0.5911317 0 0.806575 0.5911317 -1 0 0 -1 0 0 -1 0 0 -1 0 0 0 -0.7968965 -0.6041157 0 -0.7968965 -0.6041157 0 -0.7968965 -0.6041157 0 -0.7968965 -0.6041157 0.9955242 0.0628013 0.07062264 0.9955242 0.0628013 0.07062264 0.9955242 0.0628013 0.07062264 0.9955242 0.0628013 0.07062264 -0.002888142 -0.7298568 0.6835939 -0.002888142 -0.7298568 0.6835939 -0.002888142 -0.7298568 0.6835939 -0.002888142 -0.7298568 0.6835939 -0.9955242 -0.06279925 -0.07062453 -0.9955242 -0.06279925 -0.07062453 -0.9955242 -0.06279925 -0.07062453 -0.9955242 -0.06279925 -0.07062453 0.003001429 0.729864 -0.6835859 0.003001429 0.729864 -0.6835859 0.003001429 0.729864 -0.6835859 0.003001429 0.729864 -0.6835859 1 0 0 1 0 0 1 0 0 1 0 0 0 -0.3573663 0.9339643 0 -0.3573663 0.9339643 0 -0.3573663 0.9339643 0 -0.3573663 0.9339643 -1 0 -2.02321E-05 -1 0 -2.02321E-05 -1 0 -2.02321E-05 -1 0 -2.02321E-05 0 0.3573663 -0.9339643 0 0.3573663 -0.9339643 0 0.3573663 -0.9339643 0 0.3573663 -0.9339643  
	<Tangents>: 144 0 1 0 0 1 0 0 1 0 0 1 0 1 0 0 1 0 0 1 0 0 1 0 0 0 1 0 0 1 0 0 1 0 0 1 0 1 0 0 1 0 0 1 0 0 1 0 0 0 1 0 0 1 0 0 1 0 0 1 0 1 0 0 1 0 0 1 0 0 1 0 0 0 1 0 0 1 0 0 1 0 0 1 0 1 0 0 1 0 0 1 0 0 1 0 0 0 1 0 0 1 0 0 1 0 0 1 0 1 3.143605E-05 3.216978E-05 1 3.143605E-05 3.216978E-05 1 3.143605E-05 3.216978E-05 1 3.143605E-05 3.216978E-05 0 1 0 0 1 0 0 1 0 0 1 0 1 3.155449E-05 3.229096E-05 1 3.155449E-05 3.229096E-05 1 3.155449E-05 3.229096E-05 1 3.155449E-05 3.229096E-05 0 1 0 0 1 0 0 1 0 0 1 0 1 3.360265E-05 3.92789E-05 1 3.360265E-05 3.92789E-05 1 3.360265E-05 3.92789E-05 1 3.360265E-05 3.92789E-05 0 1 0 0 1 0 0 1 0 0 1 0 1 3.372928E-05 3.942691E-05 1 3.372928E-05 3.942691E-05 1 3.372928E-05 3.942691E-05 1 3.372928E-05 3.942691E-05 0 1 0 0 1 0 0 1 0 0 1 0 1 0 0 1 0 0 1 0 0 1 0 0 0 1 0 0 1 0 0 1 0 0 1 0 1 0 0 1 0 0 1 0 0 1 0 0 0 1 0 0 1 0 0 1 0 0 1 0 1 0 0 1 0 0 1 0 0 1 0 0 0 1 0 0 1 0 0 1 0 0 1 0 1 0 0 1 0 0 1 0 0 1 0 0 0 1 0 0 1 0 0 1 0 0 1 0 1 0 0 1 0 0 1 0 0 1 0 0 0 1 0 0 1 0 0 1 0 0 1 0 1 0 0 1 0 0 1 0 0 1 0 0 -0.06264387 0.9980261 -0.004443966 -0.06264387 0.9980261 -0.004443966 -0.06264387 0.9980261 -0.004443966 -0.06264387 0.9980261 -0.004443966 0.9999958 -0.002107939 0.001974324 0.9999958 -0.002107939 0.001974324 0.9999958 -0.002107939 0.001974324 0.9999958 -0.002107939 0.001974324 -0.06264181 0.9980262 -0.004443939 -0.06264181 0.9980262 -0.004443939 -0.06264181 0.9980262 -0.004443939 -0.06264181 0.9980262 -0.004443939 0.9999955 -0.002190645 0.002051744 0.9999955 -0.002190645 0.002051744 0.9999955 -0.002190645 0.002051744 0.9999955 -0.002190645 0.002051744 0 1 0 0 1 0 0 1 0 0 1 0 1 0 0 1 0 0 1 0 0 1 0 0 0 1 0 0 1 0 0 1 0 0 1 0 1 0 0 1 0 0 1 0 0 1 0 0  
	<BiTangents>: 144 0 0 1 0 0 1 0 0 1 0 0 1 0 -0.3243772 0.9459278 0 -0.3243772 0.9459278 0 -0.3243772 0.9459278 0 -0.3243772 0.9459278 0 0 1 0 0 1 0 0 1 0 0 1 0 -0.3243774 0.9459277 0 -0.3243774 0.9459277 0 -0.3243774 0.9459277 0 -0.3243774 0.9459277 0 0 1 0 0 1 0 0 1 0 0 1 0 0.792446 -0.6099422 0 0.792446 -0.6099422 0 0.792446 -0.6099422 0 0.792446 -0.6099422 0 0 1 0 0 1 0 0 1 0 0 1 0 0.7891977 -0.6141391 0 0.7891977 -0.6141391 0 0.7891977 -0.6141391 0 0.7891977 -0.6141391 0 0 1 0 0 1 0 0 1 0 0 1 -9.781558E-13 0.715216 -0.6989035 -9.781558E-13 0.715216 -0.6989035 -9.781558E-13 0.715216 -0.6989035 -9.781558E-13 0.715216 -0.6989035 0 0 1 0 0 1 0 0 1 0 0 1 7.343122E-13 0.7152159 -0.6989037 7.343122E-13 0.7152159 -0.6989037 7.343122E-13 0.7152159 -0.6989037 7.343122E-13 0.7152159 -0.6989037 0 0 1 0 0 1 0 0 1 0 0 1 1.866201E-12 0.7598774 -0.6500664 1.866201E-12 0.7598774 -0.6500664 1.866201E-12 0.7598774 -0.6500664 1.866201E-12 0.7598774 -0.6500664 0 0 1 0 0 1 0 0 1 0 0 1 1.390278E-12 0.7598773 -0.6500666 1.390278E-12 0.7598773 -0.6500666 1.390278E-12 0.7598773 -0.6500666 1.390278E-12 0.7598773 -0.6500666 0 0 1 0 0 1 0 0 1 0 0 1 0 0.842384 -0.5388777 0 0.842384 -0.5388777 0 0.842384 -0.5388777 0 0.842384 -0.5388777 0 0 1 0 0 1 0 0 1 0 0 1 0 0.8336435 -0.552303 0 0.8336435 -0.552303 0 0.8336435 -0.552303 0 0.8336435 -0.552303 0 0 1 0 0 1 0 0 1 0 0 1 0 -0.6746176 0.7381674 0 -0.6746176 0.7381674 0 -0.6746176 0.7381674 0 -0.6746176 0.7381674 0 0 1 0 0 1 0 0 1 0 0 1 0 -0.6778211 0.7352269 0 -0.6778211 0.7352269 0 -0.6778211 0.7352269 0 -0.6778211 0.7352269 0 0 1 0 0 1 0 0 1 0 0 1 0 -0.5911317 0.806575 0 -0.5911317 0.806575 0 -0.5911317 0.806575 0 -0.5911317 0.806575 0 0 1 0 0 1 0 0 1 0 0 1 0 -0.6041157 0.7968966 0 -0.6041157 0.7968966 0 -0.6041157 0.7968966 0 -0.6041157 0.7968966 -0.07076232 1.18654E-11 0.9974932 -0.07076232 1.18654E-11 0.9974932 -0.07076232 1.18654E-11 0.9974932 -0.07076232 1.18654E-11 0.9974932 6.118984E-11 0.6835968 0.7298599 6.118984E-11 0.6835968 0.7298599 6.118984E-11 0.6835968 0.7298599 6.118984E-11 0.6835968 0.7298599 -0.07076421 3.298311E-10 0.9974931 -0.07076421 3.298311E-10 0.9974931 -0.07076421 3.298311E-10 0.9974931 -0.07076421 3.298311E-10 0.9974931 4.33108E-11 0.6835889 0.7298673 4.33108E-11 0.6835889 0.7298673 4.33108E-11 0.6835889 0.7298673 4.33108E-11 0.6835889 0.7298673 0 0 1 0 0 1 0 0 1 0 0 1 0 0.9339643 0.3573663 0 0.9339643 0.3573663 0 0.9339643 0.3573663 0 0.9339643 0.3573663 -2.02321E-05 0 1 -2.02321E-05 0 1 -2.02321E-05 0 1 -2.02321E-05 0 1 0 0.9339643 0.3573663 0 0.9339643 0.3573663 0 0.9339643 0.3573663 0 0.9339643 0.3573663  
	<SubMeshes>: 1
		<SubMesh>: 0 216 0 1 2 0 2 3 4 5 6 4 6 7 8 9 10 8 10 11 12 13 14 12 14 15 16 17 18 16 18 19 20 21 22 20 22 23 24 25 26 24 26 27 28 29 30 28 30 31 32 33 34 32 34 35 36 37 38 36 38 39 40 41 42 40 42 43 44 45 46 44 46 47 48 49 50 48 50 51 52 53 54 52 54 55 56 57 58 56 58 59 60 61 62 60 62 63 64 65 66 64 66 67 68 69 70 68 70 71 72 73 74 72 74 75 76 77 78 76 78 79 80 81 82 80 82 83 84 85 86 84 86 87 88 89 90 88 90 91 92 93 94 92 94 95 96 97 98 96 98 99 100 101 102 100 102 103 104 105 106 104 106 107 108 109 110 108 110 111 112 113 114 112 114 115 116 117 118 116 118 119 120 121 122 120 122 123 124 125 126 124 126 127 128 129 130 128 130 131 132 133 134 132 134 135 136 137 138 136 138 139 140 141 142 140 142 143  
</Mesh>
