<Mesh>: 274 SM_Item_Bottle_02
	<Bounds>: 0 0.1266537 9.435415E-05 0.1031641 0.1266537 0.1031641
	<Positions>: 274 0 0.1627825 0.08340621 -0.05912399 0.1627825 0.05911362 -0.0731203 0.1023251 0.07321513 0 0.1023251 0.1032585 0.0003409693 0.25282 -0.02215816 -0.01564822 0.2502034 -0.0163158 -0.02241868 0.2469791 -0.0008615237 1.673982E-19 0.2491668 -5.496048E-12 0.02241868 0.2513565 0.0008615269 0.01613158 0.2533075 -0.01509444 0.01564821 0.2481283 0.01631569 -0.0003409679 0.2455137 0.02215792 -0.01613158 0.245028 0.01509435 -0.0731203 0.1023251 -0.07302594 -0.05912399 0.1627825 -0.05913442 0 0.1627825 -0.08342791 0 0.1023251 -0.1030698 -0.07788533 0 -1.050842E-05 -0.05520299 0 -0.05521384 0 0 -0.0778957 0 0 0 0.05520299 0 -0.05521384 0.07788533 0 -1.050842E-05 0 0 0.07787442 -0.05520299 0 0.05519259 0.05520299 0 0.05519259 -0.08341658 0.1627825 -1.050842E-05 -0.05912399 0.1627825 -0.05913442 -0.0731203 0.1023251 -0.07302594 -0.1031641 0.1023251 9.455625E-05 0.0731203 0.1023251 -0.07302594 0.05912399 0.1627825 -0.05913442 0.08341658 0.1627825 -1.050842E-05 0.1031641 0.1023251 9.455625E-05 0.0731203 0.1023251 0.07321513 0.05912399 0.1627825 0.05911362 0 0.1627825 0.08340621 0 0.1023251 0.1032585 0.05912399 0.1627825 -0.05913442 0.0731203 0.1023251 -0.07302594 0 0.1023251 -0.1030698 0 0.1627825 -0.08342791 0.08341658 0.1627825 -1.050842E-05 0.05912399 0.1627825 0.05911362 0.0731203 0.1023251 0.07321513 0.1031641 0.1023251 9.455625E-05 -0.0731203 0.1023251 0.07321513 -0.05912399 0.1627825 0.05911362 -0.08341658 0.1627825 -1.050842E-05 -0.1031641 0.1023251 9.455625E-05 0.0731203 0.1023251 -0.07302594 0.05520299 0 -0.05521384 0 0 -0.0778957 0 0.1023251 -0.1030698 0.05520299 0 -0.05521384 0.0731203 0.1023251 -0.07302594 0.1031641 0.1023251 9.455625E-05 0.07788533 0 -1.050842E-05 0.0731203 0.1023251 0.07321513 0.05520299 0 0.05519259 0.07788533 0 -1.050842E-05 0.1031641 0.1023251 9.455625E-05 0.05520299 0 0.05519259 0.0731203 0.1023251 0.07321513 0 0.1023251 0.1032585 0 0 0.07787442 -0.0731203 0.1023251 0.07321513 -0.05520299 0 0.05519259 0 0 0.07787442 0 0.1023251 0.1032585 -0.05520299 0 0.05519259 -0.0731203 0.1023251 0.07321513 -0.1031641 0.1023251 9.455625E-05 -0.07788533 0 -1.050842E-05 -0.0731203 0.1023251 -0.07302594 -0.05520299 0 -0.05521384 -0.07788533 0 -1.050842E-05 -0.1031641 0.1023251 9.455625E-05 0 0 -0.0778957 -0.05520299 0 -0.05521384 -0.0731203 0.1023251 -0.07302594 0 0.1023251 -0.1030698 -0.08341658 0.1627825 -1.050842E-05 -0.04253948 0.1751118 0 -0.03015095 0.1751118 -0.03015095 -0.05912399 0.1627825 -0.05913442 -0.05912399 0.1627825 -0.05913442 -0.03015095 0.1751118 -0.03015095 0 0.1751118 -0.042539 0 0.1627825 -0.08342791 0 0.1627825 -0.08342791 0 0.1751118 -0.042539 0.03015095 0.1751118 -0.03015095 0.05912399 0.1627825 -0.05913442 0.05912399 0.1627825 -0.05913442 0.03015095 0.1751118 -0.03015095 0.042539 0.1751118 0 0.08341658 0.1627825 -1.050842E-05 0.05912399 0.1627825 0.05911362 0.03015095 0.1751118 0.03015095 0 0.1751118 0.042539 0 0.1627825 0.08340621 0.08341658 0.1627825 -1.050842E-05 0.042539 0.1751118 0 0.03015095 0.1751118 0.03015095 0.05912399 0.1627825 0.05911362 0 0.1627825 0.08340621 0 0.1751118 0.042539 -0.03015095 0.1751118 0.03015095 -0.05912399 0.1627825 0.05911362 -0.05912399 0.1627825 0.05911362 -0.03015095 0.1751118 0.03015095 -0.04253948 0.1751118 0 -0.08341658 0.1627825 -1.050842E-05 -0.04253948 0.1751118 0 -0.01993985 0.1936857 0 -0.01413294 0.1936857 -0.01413294 -0.03015095 0.1751118 -0.03015095 -0.03015095 0.1751118 -0.03015095 -0.01413294 0.1936857 -0.01413294 0 0.1936857 -0.01993997 0 0.1751118 -0.042539 0 0.1751118 -0.042539 0 0.1936857 -0.01993997 0.01413294 0.1936857 -0.01413294 0.03015095 0.1751118 -0.03015095 0.03015095 0.1751118 -0.03015095 0.01413294 0.1936857 -0.01413294 0.01993985 0.1936857 0 0.042539 0.1751118 0 0.03015095 0.1751118 0.03015095 0.01413294 0.1936857 0.01413294 0 0.1936857 0.01993997 0 0.1751118 0.042539 0.042539 0.1751118 0 0.01993985 0.1936857 0 0.01413294 0.1936857 0.01413294 0.03015095 0.1751118 0.03015095 0 0.1751118 0.042539 0 0.1936857 0.01993997 -0.01413294 0.1936857 0.01413294 -0.03015095 0.1751118 0.03015095 -0.03015095 0.1751118 0.03015095 -0.01413294 0.1936857 0.01413294 -0.01993985 0.1936857 0 -0.04253948 0.1751118 0 -0.01993985 0.1936857 0 -0.02135819 0.2089359 0 -0.01513812 0.2089359 -0.01513812 -0.01413294 0.1936857 -0.01413294 -0.01413294 0.1936857 -0.01413294 -0.01513812 0.2089359 -0.01513812 0 0.2089359 -0.02135819 0 0.1936857 -0.01993997 0 0.1936857 -0.01993997 0 0.2089359 -0.02135819 0.01513812 0.2089359 -0.01513812 0.01413294 0.1936857 -0.01413294 0.01413294 0.1936857 -0.01413294 0.01513812 0.2089359 -0.01513812 0.02135819 0.2089359 0 0.01993985 0.1936857 0 0.01413294 0.1936857 0.01413294 0.01513812 0.2089359 0.01513812 0 0.2089359 0.02135819 0 0.1936857 0.01993997 0.01993985 0.1936857 0 0.02135819 0.2089359 0 0.01513812 0.2089359 0.01513812 0.01413294 0.1936857 0.01413294 0 0.1936857 0.01993997 0 0.2089359 0.02135819 -0.01513812 0.2089359 0.01513812 -0.01413294 0.1936857 0.01413294 -0.01413294 0.1936857 0.01413294 -0.01513812 0.2089359 0.01513812 -0.02135819 0.2089359 0 -0.01993985 0.1936857 0 -0.02805914 0.2089359 0 -0.02805914 0.2303927 0 -0.01988782 0.2303927 -0.01988794 -0.01988782 0.2089359 -0.01988794 -0.01988782 0.2089359 -0.01988794 -0.01988782 0.2303927 -0.01988794 0 0.2303927 -0.02805914 0 0.2089359 -0.02805914 0 0.2089359 -0.02805914 0 0.2303927 -0.02805914 0.01988782 0.2303927 -0.01988794 0.01988782 0.2089359 -0.01988794 0.01988782 0.2089359 -0.01988794 0.01988782 0.2303927 -0.01988794 0.02805914 0.2303927 0 0.02805914 0.2089359 0 0.01988782 0.2089359 0.0198877 0.01988782 0.2303927 0.0198877 0 0.2303927 0.02805914 0 0.2089359 0.02805914 0.02805914 0.2089359 0 0.02805914 0.2303927 0 0.01988782 0.2303927 0.0198877 0.01988782 0.2089359 0.0198877 0 0.2089359 0.02805914 0 0.2303927 0.02805914 -0.01988782 0.2303927 0.0198877 -0.01988782 0.2089359 0.0198877 -0.01988782 0.2089359 0.0198877 -0.01988782 0.2303927 0.0198877 -0.02805914 0.2303927 0 -0.02805914 0.2089359 0 -0.01864865 0.2303927 0 -0.02241868 0.2469791 -0.0008615237 -0.01564822 0.2502034 -0.0163158 -0.01321772 0.2303927 -0.01321784 -0.01321772 0.2303927 -0.01321784 -0.01564822 0.2502034 -0.0163158 0.0003409693 0.25282 -0.02215816 0 0.2303927 -0.01864854 0 0.2303927 -0.01864854 0.0003409693 0.25282 -0.02215816 0.01613158 0.2533075 -0.01509444 0.01321772 0.2303927 -0.01321784 0.01321772 0.2303927 -0.01321784 0.01613158 0.2533075 -0.01509444 0.02241868 0.2513565 0.0008615269 0.01864865 0.2303927 0 0.01321772 0.2303927 0.01321772 0.01564821 0.2481283 0.01631569 -0.0003409679 0.2455137 0.02215792 0 0.2303927 0.01864854 0.01864865 0.2303927 0 0.02241868 0.2513565 0.0008615269 0.01564821 0.2481283 0.01631569 0.01321772 0.2303927 0.01321772 0 0.2303927 0.01864854 -0.0003409679 0.2455137 0.02215792 -0.01613158 0.245028 0.01509435 -0.01321772 0.2303927 0.01321772 -0.01321772 0.2303927 0.01321772 -0.01613158 0.245028 0.01509435 -0.02241868 0.2469791 -0.0008615237 -0.01864865 0.2303927 0 0 0.2303927 0.02805914 -0.01321772 0.2303927 0.01321772 -0.01988782 0.2303927 0.0198877 0 0.2303927 0.01864854 -0.01864865 0.2303927 0 0.01988782 0.2303927 0.0198877 -0.02805914 0.2303927 0 0.01321772 0.2303927 0.01321772 -0.01321772 0.2303927 -0.01321784 0.02805914 0.2303927 0 -0.01988782 0.2303927 -0.01988794 0.01864865 0.2303927 0 0 0.2303927 -0.01864854 0.01988782 0.2303927 -0.01988794 0 0.2303927 -0.02805914 0.01321772 0.2303927 -0.01321784 0 0.2089359 0.02135819 -0.01988782 0.2089359 0.0198877 -0.01513812 0.2089359 0.01513812 0 0.2089359 0.02805914 -0.02805914 0.2089359 0 0.01513812 0.2089359 0.01513812 -0.02135819 0.2089359 0 0.01988782 0.2089359 0.0198877 -0.01988782 0.2089359 -0.01988794 0.02135819 0.2089359 0 -0.01513812 0.2089359 -0.01513812 0.02805914 0.2089359 0 0 0.2089359 -0.02805914 0.01513812 0.2089359 -0.01513812 0 0.2089359 -0.02135819 0.01988782 0.2089359 -0.01988794  
	<Colors>: 0  
	<TextureCoords0>: 274 0.4344552 0.7165391 0.4344552 0.7165391 0.4344552 0.7165391 0.4344552 0.7165391 0.3411801 0.7851766 0.3411802 0.7851766 0.3411801 0.7851757 0.3411801 0.7851766 0.3411801 0.7851766 0.3411801 0.7851766 0.34118 0.7851757 0.3411801 0.7851757 0.3411802 0.7851757 0.4344552 0.7165391 0.4344552 0.7165391 0.4344552 0.7165391 0.4344552 0.7165391 0.4344552 0.7165391 0.4344552 0.7165391 0.4344552 0.7165391 0.4344552 0.7165391 0.4344552 0.7165391 0.4344552 0.7165391 0.4344552 0.7165391 0.4344552 0.7165391 0.4344552 0.7165391 0.4344552 0.7165391 0.4344552 0.7165391 0.4344552 0.7165391 0.4344552 0.7165391 0.4344552 0.7165391 0.4344552 0.7165391 0.4344552 0.7165391 0.4344552 0.7165391 0.4344552 0.7165391 0.4344552 0.7165391 0.4344552 0.7165391 0.4344552 0.7165391 0.4344552 0.7165391 0.4344552 0.7165391 0.4344552 0.7165391 0.4344552 0.7165391 0.4344552 0.7165391 0.4344552 0.7165391 0.4344552 0.7165391 0.4344552 0.7165391 0.4344552 0.7165391 0.4344552 0.7165391 0.4344552 0.7165391 0.4344552 0.7165391 0.4344552 0.7165391 0.4344552 0.7165391 0.4344552 0.7165391 0.4344552 0.7165391 0.4344552 0.7165391 0.4344552 0.7165391 0.4344552 0.7165391 0.4344552 0.7165391 0.4344552 0.7165391 0.4344552 0.7165391 0.4344552 0.7165391 0.4344552 0.7165391 0.4344552 0.7165391 0.4344552 0.7165391 0.4344552 0.7165391 0.4344552 0.7165391 0.4344552 0.7165391 0.4344552 0.7165391 0.4344552 0.7165391 0.4344552 0.7165391 0.4344552 0.7165391 0.4344552 0.7165391 0.4344552 0.7165391 0.4344552 0.7165391 0.4344552 0.7165391 0.4344552 0.7165391 0.4344552 0.7165391 0.4344552 0.7165391 0.4344552 0.7165391 0.4344552 0.7165391 0.4344552 0.7165391 0.4344552 0.7165391 0.4344552 0.7165391 0.4344552 0.7165391 0.4344552 0.7165391 0.4344552 0.7165391 0.4344552 0.7165391 0.4344552 0.7165391 0.4344552 0.7165391 0.4344552 0.7165391 0.4344552 0.7165391 0.4344552 0.7165391 0.4344552 0.7165391 0.4344552 0.7165391 0.4344552 0.7165391 0.4344552 0.7165391 0.4344552 0.7165391 0.4344552 0.7165391 0.4344552 0.7165391 0.4344552 0.7165391 0.4344552 0.7165391 0.4344552 0.7165391 0.4344552 0.7165391 0.4344552 0.7165391 0.4344552 0.7165391 0.4344552 0.7165391 0.4344552 0.7165391 0.4344552 0.7165391 0.4344552 0.7165391 0.4344552 0.7165391 0.4344552 0.7165391 0.4344552 0.7165391 0.4344552 0.7165391 0.4344552 0.7165391 0.4344552 0.7165391 0.4344552 0.7165391 0.4344552 0.7165391 0.4344552 0.7165391 0.4344552 0.7165391 0.4344552 0.7165391 0.4344552 0.7165391 0.4344552 0.7165391 0.4344552 0.7165391 0.4344552 0.7165391 0.4344552 0.7165391 0.4344552 0.7165391 0.4344552 0.7165391 0.4344552 0.7165391 0.4344552 0.7165391 0.4344552 0.7165391 0.4344552 0.7165391 0.4344552 0.7165391 0.4344552 0.7165391 0.4344552 0.7165391 0.4344552 0.7165391 0.4344552 0.7165391 0.4344552 0.7165391 0.4344552 0.7165391 0.4344552 0.7165391 0.4344552 0.7165391 0.4344552 0.7165391 0.4344552 0.7165391 0.4344552 0.7165391 0.4344552 0.7165391 0.4344552 0.7165391 0.4344552 0.7165391 0.4344552 0.7165391 0.4344552 0.7165391 0.4344552 0.7165391 0.4344552 0.7165391 0.4344552 0.7165391 0.4344552 0.7165391 0.4344552 0.7165391 0.4344552 0.7165391 0.4344552 0.7165391 0.4344552 0.7165391 0.4344552 0.7165391 0.4344552 0.7165391 0.4344552 0.7165391 0.4344552 0.7165391 0.4344552 0.7165391 0.4344552 0.7165391 0.4344552 0.7165391 0.4344552 0.7165391 0.4344552 0.7165391 0.4344552 0.7165391 0.4344552 0.7165391 0.4344552 0.7165391 0.4344552 0.7165391 0.4344552 0.7165391 0.4344552 0.7165391 0.4344552 0.7165391 0.4344552 0.7165391 0.4344552 0.7165391 0.4344552 0.7165391 0.4344552 0.7165391 0.4344552 0.7165391 0.4344552 0.7165391 0.4344552 0.7165391 0.4344552 0.7165391 0.4344552 0.7165391 0.4344552 0.7165391 0.4344552 0.7165391 0.4344552 0.7165391 0.4344552 0.7165391 0.4344552 0.7165391 0.4344552 0.7165391 0.4344552 0.7165391 0.4344552 0.7165391 0.4344552 0.7165391 0.4344552 0.7165391 0.4344552 0.7165391 0.4344552 0.7165391 0.4344552 0.7165391 0.4344552 0.7165391 0.4344552 0.7165391 0.4344552 0.7165391 0.4344552 0.7165391 0.4344552 0.7165391 0.4344552 0.7165391 0.4344552 0.7165391 0.4344552 0.7165391 0.4344552 0.7165391 0.4344552 0.7165391 0.4344552 0.7165391 0.4344552 0.7165391 0.4344552 0.7165391 0.4344552 0.7165391 0.4344552 0.7165391 0.4344552 0.7165391 0.3411801 0.7851757 0.3411801 0.7851757 0.3411802 0.7851766 0.3411801 0.7851757 0.3411801 0.7851757 0.3411802 0.7851766 0.3411801 0.7851766 0.3411801 0.7851757 0.3411801 0.7851757 0.3411801 0.7851766 0.3411801 0.7851766 0.3411801 0.7851757 0.3411801 0.7851757 0.3411801 0.7851766 0.3411801 0.7851766 0.3411801 0.7851757 0.3411801 0.7851757 0.34118 0.7851757 0.3411801 0.7851757 0.3411801 0.7851757 0.3411801 0.7851757 0.3411801 0.7851766 0.34118 0.7851757 0.3411801 0.7851757 0.3411801 0.7851757 0.3411801 0.7851757 0.3411802 0.7851757 0.3411801 0.7851757 0.3411801 0.7851757 0.3411802 0.7851757 0.3411801 0.7851757 0.3411801 0.7851757 0.4344552 0.7165391 0.4344552 0.7165391 0.4344552 0.7165391 0.4344552 0.7165391 0.4344552 0.7165391 0.4344552 0.7165391 0.4344552 0.7165391 0.4344552 0.7165391 0.4344552 0.7165391 0.4344552 0.7165391 0.4344552 0.7165391 0.4344552 0.7165391 0.4344552 0.7165391 0.4344552 0.7165391 0.4344552 0.7165391 0.4344552 0.7165391 0.4344552 0.7165391 0.4344552 0.7165391 0.4344552 0.7165391 0.4344552 0.7165391 0.4344552 0.7165391 0.4344552 0.7165391 0.4344552 0.7165391 0.4344552 0.7165391 0.4344552 0.7165391 0.4344552 0.7165391 0.4344552 0.7165391 0.4344552 0.7165391 0.4344552 0.7165391 0.4344552 0.7165391 0.4344552 0.7165391 0.4344552 0.7165391  
	<TextureCoords1>: 0  
	<Normals>: 274 -0.3636432 0.29062 0.8850445 -0.3636432 0.29062 0.8850445 -0.3636432 0.29062 0.8850445 -0.3636432 0.29062 0.8850445 -0.1020315 0.9817886 0.1602523 -0.1020317 0.9817923 0.1602292 -0.1019832 0.9817944 0.1602479 -0.1020028 0.9817876 0.1602762 -0.1020225 0.9817809 0.1603047 -0.1020313 0.9817848 0.1602754 -0.1020138 0.9817771 0.1603339 -0.1019742 0.9817867 0.1603002 -0.1019346 0.9817963 0.1602665 -0.3639749 0.2877991 -0.8858295 -0.3639749 0.2877991 -0.8858295 -0.3639749 0.2877991 -0.8858295 -0.3639749 0.2877991 -0.8858295 0 -1 0 0 -1 0 0 -1 0 0 -1 0 0 -1 0 0 -1 0 0 -1 0 0 -1 0 0 -1 0 -0.8855994 0.2886336 -0.363874 -0.8855994 0.2886336 -0.363874 -0.8855994 0.2886336 -0.363874 -0.8855994 0.2886336 -0.363874 0.8855994 0.2886336 -0.363874 0.8855994 0.2886336 -0.363874 0.8855994 0.2886336 -0.363874 0.8855994 0.2886336 -0.363874 0.3636432 0.29062 0.8850445 0.3636432 0.29062 0.8850445 0.3636432 0.29062 0.8850445 0.3636432 0.29062 0.8850445 0.3639749 0.2877991 -0.8858295 0.3639749 0.2877991 -0.8858295 0.3639749 0.2877991 -0.8858295 0.3639749 0.2877991 -0.8858295 0.885276 0.2897919 0.3637404 0.885276 0.2897919 0.3637404 0.885276 0.2897919 0.3637404 0.885276 0.2897919 0.3637404 -0.885276 0.2897919 0.3637404 -0.885276 0.2897919 0.3637404 -0.885276 0.2897919 0.3637404 -0.885276 0.2897919 0.3637404 0.3705776 -0.2218876 -0.901908 0.3705776 -0.2218876 -0.901908 0.3705776 -0.2218876 -0.901908 0.3705776 -0.2218876 -0.901908 0.9017984 -0.2224051 -0.3705343 0.9017984 -0.2224051 -0.3705343 0.9017984 -0.2224051 -0.3705343 0.9017984 -0.2224051 -0.3705343 0.9016452 -0.2231287 0.3704718 0.9016452 -0.2231287 0.3704718 0.9016452 -0.2231287 0.3704718 0.9016452 -0.2231287 0.3704718 0.3704216 -0.2236481 0.9015372 0.3704216 -0.2236481 0.9015372 0.3704216 -0.2236481 0.9015372 0.3704216 -0.2236481 0.9015372 -0.3704216 -0.2236481 0.9015372 -0.3704216 -0.2236481 0.9015372 -0.3704216 -0.2236481 0.9015372 -0.3704216 -0.2236481 0.9015372 -0.9016452 -0.2231287 0.3704718 -0.9016452 -0.2231287 0.3704718 -0.9016452 -0.2231287 0.3704718 -0.9016452 -0.2231287 0.3704718 -0.9017984 -0.2224051 -0.3705343 -0.9017984 -0.2224051 -0.3705343 -0.9017984 -0.2224051 -0.3705343 -0.9017984 -0.2224051 -0.3705343 -0.3705776 -0.2218876 -0.901908 -0.3705776 -0.2218876 -0.901908 -0.3705776 -0.2218876 -0.901908 -0.3705776 -0.2218876 -0.901908 -0.2867293 0.9507402 -0.1178109 -0.2867293 0.9507402 -0.1178109 -0.2867293 0.9507402 -0.1178109 -0.2867293 0.9507402 -0.1178109 -0.1177942 0.9507554 -0.2866856 -0.1177942 0.9507554 -0.2866856 -0.1177942 0.9507554 -0.2866856 -0.1177942 0.9507554 -0.2866856 0.1177942 0.9507554 -0.2866856 0.1177942 0.9507554 -0.2866856 0.1177942 0.9507554 -0.2866856 0.1177942 0.9507554 -0.2866856 0.2867283 0.9507408 -0.1178089 0.2867283 0.9507408 -0.1178089 0.2867283 0.9507408 -0.1178089 0.2867283 0.9507408 -0.1178089 0.1178471 0.950708 0.2868214 0.1178471 0.950708 0.2868214 0.1178471 0.950708 0.2868214 0.1178471 0.950708 0.2868214 0.2867829 0.9507216 0.1178311 0.2867829 0.9507216 0.1178311 0.2867829 0.9507216 0.1178311 0.2867829 0.9507216 0.1178311 -0.1178471 0.950708 0.2868214 -0.1178471 0.950708 0.2868214 -0.1178471 0.950708 0.2868214 -0.1178471 0.950708 0.2868214 -0.2867838 0.950721 0.117833 -0.2867838 0.950721 0.117833 -0.2867838 0.950721 0.117833 -0.2867838 0.950721 0.117833 -0.6143788 0.7475389 -0.2524371 -0.6143788 0.7475389 -0.2524371 -0.6143788 0.7475389 -0.2524371 -0.6143788 0.7475389 -0.2524371 -0.2524347 0.7475345 -0.6143851 -0.2524347 0.7475345 -0.6143851 -0.2524347 0.7475345 -0.6143851 -0.2524347 0.7475345 -0.6143851 0.2524347 0.7475345 -0.6143851 0.2524347 0.7475345 -0.6143851 0.2524347 0.7475345 -0.6143851 0.2524347 0.7475345 -0.6143851 0.6143847 0.7475353 -0.2524329 0.6143847 0.7475353 -0.2524329 0.6143847 0.7475353 -0.2524329 0.6143847 0.7475353 -0.2524329 0.2524347 0.7475345 0.6143851 0.2524347 0.7475345 0.6143851 0.2524347 0.7475345 0.6143851 0.2524347 0.7475345 0.6143851 0.6143847 0.7475353 0.2524329 0.6143847 0.7475353 0.2524329 0.6143847 0.7475353 0.2524329 0.6143847 0.7475353 0.2524329 -0.2524347 0.7475345 0.6143851 -0.2524347 0.7475345 0.6143851 -0.2524347 0.7475345 0.6143851 -0.2524347 0.7475345 0.6143851 -0.6143788 0.7475389 0.2524371 -0.6143788 0.7475389 0.2524371 -0.6143788 0.7475389 0.2524371 -0.6143788 0.7475389 0.2524371 -0.9215615 -0.08570495 -0.3786542 -0.9215615 -0.08570495 -0.3786542 -0.9215615 -0.08570495 -0.3786542 -0.9215615 -0.08570495 -0.3786542 -0.3786575 -0.08570137 -0.9215605 -0.3786575 -0.08570137 -0.9215605 -0.3786575 -0.08570137 -0.9215605 -0.3786575 -0.08570137 -0.9215605 0.3786575 -0.08570137 -0.9215605 0.3786575 -0.08570137 -0.9215605 0.3786575 -0.08570137 -0.9215605 0.3786575 -0.08570137 -0.9215605 0.9215615 -0.08570495 -0.3786542 0.9215615 -0.08570495 -0.3786542 0.9215615 -0.08570495 -0.3786542 0.9215615 -0.08570495 -0.3786542 0.3786575 -0.08570137 0.9215605 0.3786575 -0.08570137 0.9215605 0.3786575 -0.08570137 0.9215605 0.3786575 -0.08570137 0.9215605 0.9215615 -0.08570495 0.3786542 0.9215615 -0.08570495 0.3786542 0.9215615 -0.08570495 0.3786542 0.9215615 -0.08570495 0.3786542 -0.3786575 -0.08570137 0.9215605 -0.3786575 -0.08570137 0.9215605 -0.3786575 -0.08570137 0.9215605 -0.3786575 -0.08570137 0.9215605 -0.9215615 -0.08570495 0.3786542 -0.9215615 -0.08570495 0.3786542 -0.9215615 -0.08570495 0.3786542 -0.9215615 -0.08570495 0.3786542 -0.9249697 0 -0.3800406 -0.9249697 0 -0.3800406 -0.9249697 0 -0.3800406 -0.9249697 0 -0.3800406 -0.3800378 0 -0.924971 -0.3800378 0 -0.924971 -0.3800378 0 -0.924971 -0.3800378 0 -0.924971 0.3800378 0 -0.924971 0.3800378 0 -0.924971 0.3800378 0 -0.924971 0.3800378 0 -0.924971 0.9249697 0 -0.3800406 0.9249697 0 -0.3800406 0.9249697 0 -0.3800406 0.9249697 0 -0.3800406 0.3800473 0 0.9249671 0.3800473 0 0.9249671 0.3800473 0 0.9249671 0.3800473 0 0.9249671 0.9249682 0 0.3800445 0.9249682 0 0.3800445 0.9249682 0 0.3800445 0.9249682 0 0.3800445 -0.3800473 0 0.9249671 -0.3800473 0 0.9249671 -0.3800473 0 0.9249671 -0.3800473 0 0.9249671 -0.9249682 0 0.3800445 -0.9249682 0 0.3800445 -0.9249682 0 0.3800445 -0.9249682 0 0.3800445 -0.8941411 -0.1961156 -0.4025546 -0.8941411 -0.1961156 -0.4025546 -0.8941411 -0.1961156 -0.4025546 -0.8941411 -0.1961156 -0.4025546 -0.342698 -0.1617232 -0.9254209 -0.342698 -0.1617232 -0.9254209 -0.342698 -0.1617232 -0.9254209 -0.342698 -0.1617232 -0.9254209 0.3938254 -0.1362546 -0.9090304 0.3938254 -0.1362546 -0.9090304 0.3938254 -0.1362546 -0.9090304 0.3938254 -0.1362546 -0.9090304 0.9142634 -0.147991 -0.3771222 0.9142634 -0.147991 -0.3771222 0.9142634 -0.147991 -0.3771222 0.9142634 -0.147991 -0.3771222 0.3683535 -0.2057465 0.9066334 0.3683535 -0.2057465 0.9066334 0.3683535 -0.2057465 0.9066334 0.3683535 -0.2057465 0.9066334 0.9117757 -0.1836698 0.3673291 0.9117757 -0.1836698 0.3673291 0.9117757 -0.1836698 0.3673291 0.9117757 -0.1836698 0.3673291 -0.384288 -0.2049692 0.9001724 -0.384288 -0.2049692 0.9001724 -0.384288 -0.2049692 0.9001724 -0.384288 -0.2049692 0.9001724 -0.9125836 -0.2068316 0.3527207 -0.9125836 -0.2068316 0.3527207 -0.9125836 -0.2068316 0.3527207 -0.9125836 -0.2068316 0.3527207 0 1 0 0 1 0 0 1 0 0 1 0 0 1 0 0 1 0 0 1 0 0 1 0 0 1 0 0 1 0 0 1 0 0 1 0 0 1 0 0 1 0 0 1 0 0 1 0 0 -1 0 0 -1 0 0 -1 0 0 -1 0 0 -1 0 0 -1 0 0 -1 0 0 -1 0 0 -1 0 0 -1 0 0 -1 0 0 -1 0 0 -1 0 0 -1 0 0 -1 0 0 -1 0  
	<Tangents>: 274 0.1104491 0.9568386 -0.2688141 0.1104491 0.9568386 -0.2688141 0.1104491 0.9568386 -0.2688141 0.1104491 0.9568386 -0.2688141 0.9947812 0.1006989 0.01643657 0.9947811 0.1006995 0.01643422 0.9947861 0.1006513 0.01642825 0.9947842 0.1006702 0.01643435 0.9947821 0.1006891 0.01644047 0.9947812 0.1006983 0.0164389 0.994783 0.10068 0.01644205 0.994787 0.1006416 0.01643215 0.9947911 0.1006031 0.01642226 0.1093794 0.9576908 0.2662038 0.1093794 0.9576908 0.2662038 0.1093794 0.9576908 0.2662038 0.1093794 0.9576908 0.2662038 1 0 0 1 0 0 1 0 0 1 0 0 1 0 0 1 0 0 1 0 0 1 0 0 1 0 0 0.2669764 0.9574397 0.1096949 0.2669764 0.9574397 0.1096949 0.2669764 0.9574397 0.1096949 0.2669764 0.9574397 0.1096949 -0.2669764 0.9574397 0.1096949 -0.2669764 0.9574397 0.1096949 -0.2669764 0.9574397 0.1096949 -0.2669764 0.9574397 0.1096949 -0.1104491 0.9568386 -0.2688141 -0.1104491 0.9568386 -0.2688141 -0.1104491 0.9568386 -0.2688141 -0.1104491 0.9568386 -0.2688141 -0.1093794 0.9576908 0.2662038 -0.1093794 0.9576908 0.2662038 -0.1093794 0.9576908 0.2662038 -0.1093794 0.9576908 0.2662038 -0.2680478 0.9570897 -0.1101349 -0.2680478 0.9570897 -0.1101349 -0.2680478 0.9570897 -0.1101349 -0.2680478 0.9570897 -0.1101349 0.2680478 0.9570897 -0.1101349 0.2680478 0.9570897 -0.1101349 0.2680478 0.9570897 -0.1101349 0.2680478 0.9570897 -0.1101349 0.0843287 0.9750723 -0.2052383 0.0843287 0.9750723 -0.2052383 0.0843287 0.9750723 -0.2052383 0.0843287 0.9750723 -0.2052383 0.2057169 0.9749544 -0.08452574 0.2057169 0.9749544 -0.08452574 0.2057169 0.9749544 -0.08452574 0.2057169 0.9749544 -0.08452574 0.2063862 0.974789 0.08480082 0.2063862 0.974789 0.08480082 0.2063862 0.974789 0.08480082 0.2063862 0.974789 0.08480082 0.08499709 0.97467 0.2068671 0.08499709 0.97467 0.2068671 0.08499709 0.97467 0.2068671 0.08499709 0.97467 0.2068671 -0.08499709 0.97467 0.2068671 -0.08499709 0.97467 0.2068671 -0.08499709 0.97467 0.2068671 -0.08499709 0.97467 0.2068671 -0.2063862 0.974789 0.08480082 -0.2063862 0.974789 0.08480082 -0.2063862 0.974789 0.08480082 -0.2063862 0.974789 0.08480082 -0.2057169 0.9749544 -0.08452574 -0.2057169 0.9749544 -0.08452574 -0.2057169 0.9749544 -0.08452574 -0.2057169 0.9749544 -0.08452574 -0.0843287 0.9750723 -0.2052383 -0.0843287 0.9750723 -0.2052383 -0.0843287 0.9750723 -0.2052383 -0.0843287 0.9750723 -0.2052383 -0.03401671 0.112793 0.993036 -0.03401671 0.112793 0.993036 -0.03401671 0.112793 0.993036 -0.03401671 0.112793 0.993036 0.9930381 0.1127786 -0.03400664 0.9930381 0.1127786 -0.03400664 0.9930381 0.1127786 -0.03400664 0.9930381 0.1127786 -0.03400664 0.9930381 -0.1127786 0.03400664 0.9930381 -0.1127786 0.03400664 0.9930381 -0.1127786 0.03400664 0.9930381 -0.1127786 0.03400664 0.03401603 0.1127912 0.9930363 0.03401603 0.1127912 0.9930363 0.03401603 0.1127912 0.9930363 0.03401603 0.1127912 0.9930363 0.9930317 -0.1128243 -0.03403824 0.9930317 -0.1128243 -0.03403824 0.9930317 -0.1128243 -0.03403824 0.9930317 -0.1128243 -0.03403824 -0.03402899 -0.1128104 0.9930337 -0.03402899 -0.1128104 0.9930337 -0.03402899 -0.1128104 0.9930337 -0.03402899 -0.1128104 0.9930337 0.9930317 0.1128243 0.03403824 0.9930317 0.1128243 0.03403824 0.9930317 0.1128243 0.03403824 0.9930317 0.1128243 0.03403824 0.03402967 -0.1128122 0.9930335 0.03402967 -0.1128122 0.9930335 0.03402967 -0.1128122 0.9930335 0.03402967 -0.1128122 0.9930335 -0.160283 0.1950226 0.9676133 -0.160283 0.1950226 0.9676133 -0.160283 0.1950226 0.9676133 -0.160283 0.1950226 0.9676133 0.9676139 0.1950195 -0.160283 0.9676139 0.1950195 -0.160283 0.9676139 0.1950195 -0.160283 0.9676139 0.1950195 -0.160283 0.9676139 -0.1950195 0.160283 0.9676139 -0.1950195 0.160283 0.9676139 -0.1950195 0.160283 0.9676139 -0.1950195 0.160283 0.1602817 0.1950183 0.9676144 0.1602817 0.1950183 0.9676144 0.1602817 0.1950183 0.9676144 0.1602817 0.1950183 0.9676144 0.9676139 -0.1950195 -0.160283 0.9676139 -0.1950195 -0.160283 0.9676139 -0.1950195 -0.160283 0.9676139 -0.1950195 -0.160283 -0.1602817 -0.1950183 0.9676144 -0.1602817 -0.1950183 0.9676144 -0.1602817 -0.1950183 0.9676144 -0.1602817 -0.1950183 0.9676144 0.9676139 0.1950195 0.160283 0.9676139 0.1950195 0.160283 0.9676139 0.1950195 0.160283 0.9676139 0.1950195 0.160283 0.160283 -0.1950226 0.9676133 0.160283 -0.1950226 0.9676133 0.160283 -0.1950226 0.9676133 0.160283 -0.1950226 0.9676133 -0.07927407 0.9963206 -0.03257239 -0.07927407 0.9963206 -0.03257239 -0.07927407 0.9963206 -0.03257239 -0.07927407 0.9963206 -0.03257239 -0.0325713 0.9963209 -0.07927065 -0.0325713 0.9963209 -0.07927065 -0.0325713 0.9963209 -0.07927065 -0.0325713 0.9963209 -0.07927065 0.0325713 0.9963209 -0.07927065 0.0325713 0.9963209 -0.07927065 0.0325713 0.9963209 -0.07927065 0.0325713 0.9963209 -0.07927065 0.07927407 0.9963206 -0.03257239 0.07927407 0.9963206 -0.03257239 0.07927407 0.9963206 -0.03257239 0.07927407 0.9963206 -0.03257239 0.0325713 0.9963209 0.07927065 0.0325713 0.9963209 0.07927065 0.0325713 0.9963209 0.07927065 0.0325713 0.9963209 0.07927065 0.07927407 0.9963206 0.03257239 0.07927407 0.9963206 0.03257239 0.07927407 0.9963206 0.03257239 0.07927407 0.9963206 0.03257239 -0.0325713 0.9963209 0.07927065 -0.0325713 0.9963209 0.07927065 -0.0325713 0.9963209 0.07927065 -0.0325713 0.9963209 0.07927065 -0.07927407 0.9963206 0.03257239 -0.07927407 0.9963206 0.03257239 -0.07927407 0.9963206 0.03257239 -0.07927407 0.9963206 0.03257239 0 1 0 0 1 0 0 1 0 0 1 0 0 1 0 0 1 0 0 1 0 0 1 0 0 1 0 0 1 0 0 1 0 0 1 0 0 1 0 0 1 0 0 1 0 0 1 0 0 1 0 0 1 0 0 1 0 0 1 0 0 1 0 0 1 0 0 1 0 0 1 0 0 1 0 0 1 0 0 1 0 0 1 0 0 1 0 0 1 0 0 1 0 0 1 0 -0.1788277 0.9805807 -0.0805107 -0.1788277 0.9805807 -0.0805107 -0.1788277 0.9805807 -0.0805107 -0.1788277 0.9805807 -0.0805107 -0.05616153 0.9868362 -0.1516585 -0.05616153 0.9868362 -0.1516585 -0.05616153 0.9868362 -0.1516585 -0.05616153 0.9868362 -0.1516585 0.05416567 0.9906739 -0.1250256 0.05416567 0.9906739 -0.1250256 0.05416567 0.9906739 -0.1250256 0.05416567 0.9906739 -0.1250256 0.1368092 0.9889888 -0.05643206 0.1368092 0.9889888 -0.05643206 0.1368092 0.9889888 -0.05643206 0.1368092 0.9889888 -0.05643206 0.07744435 0.9786053 0.1906148 0.07744435 0.9786053 0.1906148 0.07744435 0.9786053 0.1906148 0.07744435 0.9786053 0.1906148 0.1703639 0.982988 0.06863488 0.1703639 0.982988 0.06863488 0.1703639 0.982988 0.06863488 0.1703639 0.982988 0.06863488 -0.08047582 0.9787684 0.18851 -0.08047582 0.9787684 0.18851 -0.08047582 0.9787684 0.18851 -0.08047582 0.9787684 0.18851 -0.1929228 0.9783765 0.07456617 -0.1929228 0.9783765 0.07456617 -0.1929228 0.9783765 0.07456617 -0.1929228 0.9783765 0.07456617 1 0 0 1 0 0 1 0 0 1 0 0 1 0 0 1 0 0 1 0 0 1 0 0 1 0 0 1 0 0 1 0 0 1 0 0 1 0 0 1 0 0 1 0 0 1 0 0 1 0 0 1 0 0 1 0 0 1 0 0 1 0 0 1 0 0 1 0 0 1 0 0 1 0 0 1 0 0 1 0 0 1 0 0 1 0 0 1 0 0 1 0 0 1 0 0  
	<BiTangents>: 274 0.9249673 1.172737E-08 0.3800465 0.9249673 1.172737E-08 0.3800465 0.9249673 1.172737E-08 0.3800465 0.9249673 1.172737E-08 0.3800465 2.416591E-10 -0.161093 0.9869393 7.005943E-10 -0.1610698 0.986943 -5.116934E-10 -0.1610878 0.98694 -1.234494E-09 -0.1611166 0.9869354 7.021556E-10 -0.1611455 0.9869307 -3.447242E-10 -0.1611163 0.9869354 -4.348443E-10 -0.1611748 0.9869258 1.960292E-09 -0.1611402 0.9869315 -4.052618E-10 -0.1611057 0.9869372 0.924964 1.48377E-09 -0.3800547 0.924964 1.48377E-09 -0.3800547 0.924964 1.48377E-09 -0.3800547 0.924964 1.48377E-09 -0.3800547 0 0 1 0 0 1 0 0 1 0 0 1 0 0 1 0 0 1 0 0 1 0 0 1 0 0 1 -0.380049 1.431383E-09 0.9249663 -0.380049 1.431383E-09 0.9249663 -0.380049 1.431383E-09 0.9249663 -0.380049 1.431383E-09 0.9249663 0.380049 1.431383E-09 0.9249663 0.380049 1.431383E-09 0.9249663 0.380049 1.431383E-09 0.9249663 0.380049 1.431383E-09 0.9249663 0.9249673 -1.172737E-08 -0.3800465 0.9249673 -1.172737E-08 -0.3800465 0.9249673 -1.172737E-08 -0.3800465 0.9249673 -1.172737E-08 -0.3800465 0.924964 -1.48377E-09 0.3800547 0.924964 -1.48377E-09 0.3800547 0.924964 -1.48377E-09 0.3800547 0.924964 -1.48377E-09 0.3800547 -0.3800484 -5.66253E-09 0.9249666 -0.3800484 -5.66253E-09 0.9249666 -0.3800484 -5.66253E-09 0.9249666 -0.3800484 -5.66253E-09 0.9249666 0.3800484 -5.66253E-09 0.9249666 0.3800484 -5.66253E-09 0.9249666 0.3800484 -5.66253E-09 0.9249666 0.3800484 -5.66253E-09 0.9249666 0.9249654 -2.117948E-09 0.3800514 0.9249654 -2.117948E-09 0.3800514 0.9249654 -2.117948E-09 0.3800514 0.9249654 -2.117948E-09 0.3800514 0.3800529 -3.628537E-10 0.9249647 0.3800529 -3.628537E-10 0.9249647 0.3800529 -3.628537E-10 0.9249647 0.3800529 -3.628537E-10 0.9249647 -0.3800534 8.132935E-10 0.9249645 -0.3800534 8.132935E-10 0.9249645 -0.3800534 8.132935E-10 0.9249645 -0.3800534 8.132935E-10 0.9249645 0.9249667 5.859263E-09 -0.3800483 0.9249667 5.859263E-09 -0.3800483 0.9249667 5.859263E-09 -0.3800483 0.9249667 5.859263E-09 -0.3800483 0.9249667 -5.859263E-09 0.3800483 0.9249667 -5.859263E-09 0.3800483 0.9249667 -5.859263E-09 0.3800483 0.9249667 -5.859263E-09 0.3800483 0.3800534 8.132935E-10 0.9249645 0.3800534 8.132935E-10 0.9249645 0.3800534 8.132935E-10 0.9249645 0.3800534 8.132935E-10 0.9249645 -0.3800529 -3.628537E-10 0.9249647 -0.3800529 -3.628537E-10 0.9249647 -0.3800529 -3.628537E-10 0.9249647 -0.3800529 -3.628537E-10 0.9249647 0.9249654 2.117948E-09 -0.3800514 0.9249654 2.117948E-09 -0.3800514 0.9249654 2.117948E-09 -0.3800514 0.9249654 2.117948E-09 -0.3800514 0.9574075 0.28874 6.447753E-10 0.9574075 0.28874 6.447753E-10 0.9574075 0.28874 6.447753E-10 0.9574075 0.28874 6.447753E-10 -2.676722E-09 0.2886955 0.9574209 -2.676722E-09 0.2886955 0.9574209 -2.676722E-09 0.2886955 0.9574209 -2.676722E-09 0.2886955 0.9574209 2.676722E-09 0.2886955 0.9574209 2.676722E-09 0.2886955 0.9574209 2.676722E-09 0.2886955 0.9574209 2.676722E-09 0.2886955 0.9574209 0.9574079 -0.288739 -7.94355E-10 0.9574079 -0.288739 -7.94355E-10 0.9574079 -0.288739 -7.94355E-10 0.9574079 -0.288739 -7.94355E-10 -4.167314E-09 -0.288834 0.9573792 -4.167314E-09 -0.288834 0.9573792 -4.167314E-09 -0.288834 0.9573792 -4.167314E-09 -0.288834 0.9573792 0.957391 -0.2887947 -3.420156E-09 0.957391 -0.2887947 -3.420156E-09 0.957391 -0.2887947 -3.420156E-09 0.957391 -0.2887947 -3.420156E-09 4.167314E-09 -0.288834 0.9573792 4.167314E-09 -0.288834 0.9573792 4.167314E-09 -0.288834 0.9573792 4.167314E-09 -0.288834 0.9573792 0.9573908 0.2887958 1.750473E-09 0.9573908 0.2887958 1.750473E-09 0.9573908 0.2887958 1.750473E-09 0.9573908 0.2887958 1.750473E-09 0.7725595 0.6349425 1.373841E-09 0.7725595 0.6349425 1.373841E-09 0.7725595 0.6349425 1.373841E-09 0.7725595 0.6349425 1.373841E-09 7.873132E-10 0.6349485 0.7725544 7.873132E-10 0.6349485 0.7725544 7.873132E-10 0.6349485 0.7725544 7.873132E-10 0.6349485 0.7725544 -7.873132E-10 0.6349485 0.7725544 -7.873132E-10 0.6349485 0.7725544 -7.873132E-10 0.6349485 0.7725544 -7.873132E-10 0.6349485 0.7725544 0.7725549 -0.6349479 7.337074E-09 0.7725549 -0.6349479 7.337074E-09 0.7725549 -0.6349479 7.337074E-09 0.7725549 -0.6349479 7.337074E-09 7.873132E-10 -0.6349485 0.7725544 7.873132E-10 -0.6349485 0.7725544 7.873132E-10 -0.6349485 0.7725544 7.873132E-10 -0.6349485 0.7725544 0.7725549 -0.6349479 -7.337074E-09 0.7725549 -0.6349479 -7.337074E-09 0.7725549 -0.6349479 -7.337074E-09 0.7725549 -0.6349479 -7.337074E-09 -7.873132E-10 -0.6349485 0.7725544 -7.873132E-10 -0.6349485 0.7725544 -7.873132E-10 -0.6349485 0.7725544 -7.873132E-10 -0.6349485 0.7725544 0.7725595 0.6349425 -1.373841E-09 0.7725595 0.6349425 -1.373841E-09 0.7725595 0.6349425 -1.373841E-09 0.7725595 0.6349425 -1.373841E-09 -0.3800526 1.722247E-09 0.9249649 -0.3800526 1.722247E-09 0.9249649 -0.3800526 1.722247E-09 0.9249649 -0.3800526 1.722247E-09 0.9249649 0.9249636 2.450173E-11 -0.3800558 0.9249636 2.450173E-11 -0.3800558 0.9249636 2.450173E-11 -0.3800558 0.9249636 2.450173E-11 -0.3800558 0.9249636 -2.450173E-11 0.3800558 0.9249636 -2.450173E-11 0.3800558 0.9249636 -2.450173E-11 0.3800558 0.9249636 -2.450173E-11 0.3800558 0.3800526 1.722247E-09 0.9249649 0.3800526 1.722247E-09 0.9249649 0.3800526 1.722247E-09 0.9249649 0.3800526 1.722247E-09 0.9249649 0.9249636 -2.450173E-11 -0.3800558 0.9249636 -2.450173E-11 -0.3800558 0.9249636 -2.450173E-11 -0.3800558 0.9249636 -2.450173E-11 -0.3800558 -0.3800526 -1.722247E-09 0.9249649 -0.3800526 -1.722247E-09 0.9249649 -0.3800526 -1.722247E-09 0.9249649 -0.3800526 -1.722247E-09 0.9249649 0.9249636 2.450173E-11 0.3800558 0.9249636 2.450173E-11 0.3800558 0.9249636 2.450173E-11 0.3800558 0.9249636 2.450173E-11 0.3800558 0.3800526 -1.722247E-09 0.9249649 0.3800526 -1.722247E-09 0.9249649 0.3800526 -1.722247E-09 0.9249649 0.3800526 -1.722247E-09 0.9249649 -0.3800406 0 0.9249698 -0.3800406 0 0.9249698 -0.3800406 0 0.9249698 -0.3800406 0 0.9249698 0.924971 0 -0.3800378 0.924971 0 -0.3800378 0.924971 0 -0.3800378 0.924971 0 -0.3800378 0.924971 0 0.3800378 0.924971 0 0.3800378 0.924971 0 0.3800378 0.924971 0 0.3800378 0.3800406 0 0.9249698 0.3800406 0 0.9249698 0.3800406 0 0.9249698 0.3800406 0 0.9249698 0.924967 0 -0.3800473 0.924967 0 -0.3800473 0.924967 0 -0.3800473 0.924967 0 -0.3800473 -0.3800445 0 0.9249682 -0.3800445 0 0.9249682 -0.3800445 0 0.9249682 -0.3800445 0 0.9249682 0.924967 0 0.3800473 0.924967 0 0.3800473 0.924967 0 0.3800473 0.924967 0 0.3800473 0.3800445 0 0.9249682 0.3800445 0 0.9249682 0.3800445 0 0.9249682 0.3800445 0 0.9249682 -0.4105268 1.296535E-09 0.9118485 -0.4105268 1.296535E-09 0.9118485 -0.4105268 1.296535E-09 0.9118485 -0.4105268 1.296535E-09 0.9118485 0.9377654 5.429341E-10 -0.3472694 0.9377654 5.429341E-10 -0.3472694 0.9377654 5.429341E-10 -0.3472694 0.9377654 5.429341E-10 -0.3472694 0.917588 1.269066E-09 0.3975329 0.917588 1.269066E-09 0.3975329 0.917588 1.269066E-09 0.3975329 0.917588 1.269066E-09 0.3975329 0.381321 1.352013E-09 0.9244427 0.381321 1.352013E-09 0.9244427 0.381321 1.352013E-09 0.9244427 0.381321 1.352013E-09 0.9244427 0.9264546 -6.608631E-09 -0.3764066 0.9264546 -6.608631E-09 -0.3764066 0.9264546 -6.608631E-09 -0.3764066 0.9264546 -6.608631E-09 -0.3764066 -0.3736862 2.745035E-10 0.9275551 -0.3736862 2.745035E-10 0.9275551 -0.3736862 2.745035E-10 0.9275551 -0.3736862 2.745035E-10 0.9275551 0.9196991 -6.867543E-10 0.392624 0.9196991 -6.867543E-10 0.392624 0.9196991 -6.867543E-10 0.392624 0.9196991 -6.867543E-10 0.392624 0.3605163 -2.536888E-09 0.9327529 0.3605163 -2.536888E-09 0.9327529 0.3605163 -2.536888E-09 0.9327529 0.3605163 -2.536888E-09 0.9327529 0 0 1 0 0 1 0 0 1 0 0 1 0 0 1 0 0 1 0 0 1 0 0 1 0 0 1 0 0 1 0 0 1 0 0 1 0 0 1 0 0 1 0 0 1 0 0 1 0 0 1 0 0 1 0 0 1 0 0 1 0 0 1 0 0 1 0 0 1 0 0 1 0 0 1 0 0 1 0 0 1 0 0 1 0 0 1 0 0 1 0 0 1 0 0 1  
	<SubMeshes>: 1
		<SubMesh>: 0 480 0 1 2 0 2 3 4 5 6 4 6 7 8 4 7 8 9 4 10 8 7 10 7 11 6 11 7 6 12 11 13 14 15 13 15 16 17 18 19 17 19 20 21 20 19 21 22 20 23 17 20 22 23 20 23 24 17 22 25 23 26 27 28 26 28 29 30 31 32 30 32 33 34 35 36 34 36 37 38 39 40 38 40 41 42 43 44 42 44 45 46 47 48 46 48 49 50 51 52 50 52 53 54 55 56 54 56 57 58 59 60 58 60 61 62 63 64 62 64 65 66 67 68 66 68 69 70 71 72 70 72 73 74 75 76 74 76 77 78 79 80 78 80 81 82 83 84 82 84 85 86 87 88 86 88 89 90 91 92 90 92 93 94 95 96 94 96 97 98 99 100 98 100 101 102 103 104 102 104 105 106 107 108 106 108 109 110 111 112 110 112 113 114 115 116 114 116 117 118 119 120 118 120 121 122 123 124 122 124 125 126 127 128 126 128 129 130 131 132 130 132 133 134 135 136 134 136 137 138 139 140 138 140 141 142 143 144 142 144 145 146 147 148 146 148 149 150 151 152 150 152 153 154 155 156 154 156 157 158 159 160 158 160 161 162 163 164 162 164 165 166 167 168 166 168 169 170 171 172 170 172 173 174 175 176 174 176 177 178 179 180 178 180 181 182 183 184 182 184 185 186 187 188 186 188 189 190 191 192 190 192 193 194 195 196 194 196 197 198 199 200 198 200 201 202 203 204 202 204 205 206 207 208 206 208 209 210 211 212 210 212 213 214 215 216 214 216 217 218 219 220 218 220 221 222 223 224 222 224 225 226 227 228 226 228 229 230 231 232 230 232 233 234 235 236 234 236 237 238 239 240 238 240 241 242 243 244 242 245 243 244 243 246 247 245 242 244 246 248 247 249 245 248 246 250 251 249 247 248 250 252 251 253 249 252 250 254 255 253 251 252 254 256 255 257 253 256 254 257 256 257 255 258 259 260 258 261 259 260 259 262 263 261 258 260 262 264 263 265 261 264 262 266 267 265 263 264 266 268 267 269 265 268 266 270 271 269 267 268 270 272 271 273 269 272 270 273 272 273 271  
</Mesh>
