<Mesh>: 142 SM_Item_Bag_Attachment_03
	<Bounds>: -0.06480312 -0.09152222 -0.1459646 3.780278 5.883163 8.361571
	<Positions>: 142 -3.770536 2.561127 0.7960501 -3.774895 2.739029 0.06780148 -3.845081 1.80246 0.8035595 -3.825016 1.765129 -0.6473759 -3.818975 1.567123 0.07976949 -3.749872 2.521698 -0.6576654 -3.51705 1.981178 8.215607 1.32246 5.72123 8.122789 -3.214754 5.380562 7.8508 -3.271994 1.555748 -8.227005 -2.693253 0.9481583 -7.554976 -3.334311 0.8154221 0.07490921 -2.693253 0.9481583 -7.554976 -2.739573 0.1796265 0.06667137 -3.334311 0.8154221 0.07490921 -3.334311 0.8154221 0.07490921 -3.240316 1.176048 0.06907201 -3.271994 1.555748 -8.227005 -3.271994 1.555748 -8.227005 -3.240316 1.176048 0.06907201 -3.250969 1.521515 -1.197049 -3.51705 1.981178 8.215607 -3.285597 1.585243 1.329007 -3.334311 0.8154221 0.07490921 -3.51705 1.981178 8.215607 -3.240316 1.176048 0.06907201 -3.155989 2.908066 1.317369 -3.214754 5.380562 7.8508 -3.163395 3.2173 0.04771876 -3.119635 2.837967 -1.217103 -2.956673 4.875801 -7.916368 -3.214754 5.380562 7.8508 -2.956673 4.875801 -7.916368 -3.163395 3.2173 0.04771876 -3.51705 1.981178 8.215607 -3.155989 2.908066 1.317369 -3.285597 1.585243 1.329007 3.121405 1.364555 -8.016909 -2.693253 0.9481583 -7.554976 2.83703 5.298981 -7.87246 -3.352587 -3.329178 7.527215 3.47814 -2.832787 7.360308 -2.91094 1.319664 7.558258 3.47814 -2.832787 7.360308 2.886732 1.752495 7.654527 -2.91094 1.319664 7.558258 -2.91094 1.319664 7.558258 2.886732 1.752495 7.654527 2.579733 5.791641 7.447733 2.83703 5.298981 -7.87246 -2.693253 0.9481583 -7.554976 1.603395 5.186333 -8.507536 -2.693253 0.9481583 -7.554976 -3.271994 1.555748 -8.227005 1.603395 5.186333 -8.507536 1.603395 5.186333 -8.507536 -3.271994 1.555748 -8.227005 -2.956673 4.875801 -7.916368 -3.51705 1.981178 8.215607 -2.91094 1.319664 7.558258 1.32246 5.72123 8.122789 -2.91094 1.319664 7.558258 2.579733 5.791641 7.447733 1.32246 5.72123 8.122789 3.121405 1.364555 -8.016909 3.641848 -3.341698 -7.985447 -2.693253 0.9481583 -7.554976 3.641848 -3.341698 -7.985447 -3.212843 -3.839249 -7.771986 -3.845081 1.80246 0.8035595 -3.774895 2.739029 0.06780148 -3.818975 1.567123 0.07976949 -3.749872 2.521698 -0.6576654 -3.214754 5.380562 7.8508 1.32246 5.72123 8.122789 -2.956673 4.875801 -7.916368 2.579733 5.791641 7.447733 1.603395 5.186333 -8.507536 2.83703 5.298981 -7.87246 2.83703 5.298981 -7.87246 2.579733 5.791641 7.447733 2.886732 1.752495 7.654527 3.121405 1.364555 -8.016909 3.47814 -2.832787 7.360308 3.641848 -3.341698 -7.985447 -1.682772 -5.974686 -7.210575 -1.829268 -5.383049 6.665925 -3.212843 -3.839249 -7.771986 -3.352587 -3.329178 7.527215 3.715475 -5.590904 -7.364821 -1.682772 -5.974686 -7.210575 3.641848 -3.341698 -7.985447 -3.212843 -3.839249 -7.771986 3.715475 -5.590904 -7.364821 3.554131 -5.000923 6.528055 -1.682772 -5.974686 -7.210575 -1.829268 -5.383049 6.665925 -3.51705 1.981178 8.215607 -3.334311 0.8154221 0.07490921 -2.91094 1.319664 7.558258 -2.739573 0.1796265 0.06667137 -2.91094 1.319664 7.558258 -2.739573 0.1796265 0.06667137 -3.352587 -3.329178 7.527215 -3.212843 -3.839249 -7.771986 -2.693253 0.9481583 -7.554976 -2.956673 4.875801 -7.916368 -3.271994 1.555748 -8.227005 -3.119635 2.837967 -1.217103 -3.250969 1.521515 -1.197049 -3.250969 1.521515 -1.197049 -3.240316 1.176048 0.06907201 -3.825016 1.765129 -0.6473759 -3.818975 1.567123 0.07976949 -3.818975 1.567123 0.07976949 -3.240316 1.176048 0.06907201 -3.845081 1.80246 0.8035595 -3.285597 1.585243 1.329007 -3.845081 1.80246 0.8035595 -3.285597 1.585243 1.329007 -3.770536 2.561127 0.7960501 -3.155989 2.908066 1.317369 -3.155989 2.908066 1.317369 -3.163395 3.2173 0.04771876 -3.770536 2.561127 0.7960501 -3.774895 2.739029 0.06780148 -3.774895 2.739029 0.06780148 -3.163395 3.2173 0.04771876 -3.749872 2.521698 -0.6576654 -3.119635 2.837967 -1.217103 -3.119635 2.837967 -1.217103 -3.250969 1.521515 -1.197049 -3.749872 2.521698 -0.6576654 -3.825016 1.765129 -0.6473759 -3.352587 -3.329178 7.527215 -1.829268 -5.383049 6.665925 3.47814 -2.832787 7.360308 3.554131 -5.000923 6.528055 3.715475 -5.590904 -7.364821 3.641848 -3.341698 -7.985447 3.554131 -5.000923 6.528055 3.47814 -2.832787 7.360308  
	<Colors>: 0  
	<TextureCoords0>: 142 0.9524414 0.3984569 0.9524414 0.3984569 0.9524414 0.3984569 0.9524414 0.3984569 0.9524414 0.3984569 0.9524414 0.3984569 0.8079568 0.3998848 0.8080485 0.3999492 0.8079673 0.3999512 0.807996 0.3999201 0.8080044 0.3999052 0.8079766 0.3998834 0.8080044 0.3999052 0.8079865 0.3998699 0.8079766 0.3998834 0.8079766 0.3998834 0.8079787 0.3998904 0.807996 0.3999201 0.807996 0.3999201 0.8079787 0.3998904 0.8079817 0.3999006 0.8079568 0.3998848 0.8079756 0.3998951 0.8079766 0.3998834 0.8079568 0.3998848 0.8079787 0.3998904 0.8079795 0.3999208 0.8079673 0.3999512 0.8079825 0.3999304 0.8079855 0.3999263 0.8080046 0.3999847 0.8079673 0.3999512 0.8080046 0.3999847 0.8079825 0.3999304 0.8079568 0.3998848 0.8079795 0.3999208 0.8079756 0.3998951 0.8081098 0.3999043 0.8080044 0.3999052 0.8081086 0.3999827 0.8079486 0.3997743 0.8080733 0.3997726 0.8079683 0.3998727 0.8080733 0.3997726 0.8080726 0.3998708 0.8079683 0.3998727 0.8079683 0.3998727 0.8080726 0.3998708 0.8080725 0.3999503 0.8081086 0.3999827 0.8080044 0.3999052 0.8080876 0.3999844 0.8080044 0.3999052 0.807996 0.3999201 0.8080876 0.3999844 0.8080876 0.3999844 0.807996 0.3999201 0.8080046 0.3999847 0.8079568 0.3998848 0.8079683 0.3998727 0.8080485 0.3999492 0.8079683 0.3998727 0.8080725 0.3999503 0.8080485 0.3999492 0.8081098 0.3999043 0.8081106 0.3998061 0.8080044 0.3999052 0.8081106 0.3998061 0.8079859 0.3998078 0.9524414 0.3984569 0.9524414 0.3984569 0.9524414 0.3984569 0.9524414 0.3984569 0.8079673 0.3999512 0.8080485 0.3999492 0.8080046 0.3999847 0.8080725 0.3999503 0.8080876 0.3999844 0.8081086 0.3999827 0.8081086 0.3999827 0.8080725 0.3999503 0.8080726 0.3998708 0.8081098 0.3999043 0.8080733 0.3997726 0.8081106 0.3998061 0.8080036 0.3997568 0.8079696 0.3997262 0.8079859 0.3998078 0.8079486 0.3997743 0.808103 0.3997554 0.8080036 0.3997568 0.8081106 0.3998061 0.8079859 0.3998078 0.808103 0.3997554 0.808069 0.3997247 0.8080036 0.3997568 0.8079696 0.3997262 0.8079568 0.3998848 0.8079766 0.3998834 0.8079683 0.3998727 0.8079865 0.3998699 0.8079683 0.3998727 0.8079865 0.3998699 0.8079486 0.3997743 0.8079859 0.3998078 0.8080044 0.3999052 0.8080046 0.3999847 0.807996 0.3999201 0.8079855 0.3999263 0.8079817 0.3999006 0.9524414 0.3984569 0.9524414 0.3984569 0.9524414 0.3984569 0.9524414 0.3984569 0.9524414 0.3984569 0.9524414 0.3984569 0.9524414 0.3984569 0.9524414 0.3984569 0.9524414 0.3984569 0.9524414 0.3984569 0.9524414 0.3984569 0.9524414 0.3984569 0.9524414 0.3984569 0.9524414 0.3984569 0.9524414 0.3984569 0.9524414 0.3984569 0.9524414 0.3984569 0.9524414 0.3984569 0.9524414 0.3984569 0.9524414 0.3984569 0.9524414 0.3984569 0.9524414 0.3984569 0.9524414 0.3984569 0.9524414 0.3984569 0.8079486 0.3997743 0.8079696 0.3997262 0.8080733 0.3997726 0.808069 0.3997247 0.808103 0.3997554 0.8081106 0.3998061 0.808069 0.3997247 0.8080733 0.3997726  
	<TextureCoords1>: 0  
	<Normals>: 142 -0.9947336 0.09803626 0.02990216 -0.9947336 0.09803626 0.02990216 -0.9947336 0.09803626 0.02990216 -0.9944367 0.09924919 0.03528712 -0.9944367 0.09924919 0.03528712 -0.9944367 0.09924919 0.03528712 -0.06786826 0.1124216 0.9913401 -0.06786826 0.1124216 0.9913401 -0.06786826 0.1124216 0.9913401 -0.6825037 -0.7275223 -0.07000014 -0.6825037 -0.7275223 -0.07000014 -0.6825037 -0.7275223 -0.07000014 -0.728813 -0.6808018 -0.07307822 -0.728813 -0.6808018 -0.07307822 -0.728813 -0.6808018 -0.07307822 -0.9674984 0.252417 0.01524701 -0.9674984 0.252417 0.01524701 -0.9674984 0.252417 0.01524701 -0.9997912 -0.02023124 0.002891588 -0.9997812 -0.01447352 -0.01510125 -0.9997912 -0.02023124 0.002891588 -0.9994144 -0.008710642 -0.03308869 -0.9994144 -0.008710642 -0.03308869 -0.9662905 0.2509226 -0.0576233 -0.9662905 0.2509226 -0.0576233 -0.9662905 0.2509226 -0.0576233 -0.999716 -0.02383236 2.704626E-05 -0.999716 -0.02383236 2.704626E-05 -0.999683 -0.02041606 -0.01472864 -0.9994209 -0.01699507 -0.02948095 -0.9994209 -0.01699507 -0.02948095 -0.997646 0.06203388 -0.02922557 -0.9990492 0.03987087 -0.01762912 -0.9990492 0.03987087 -0.01762912 -0.9950848 0.09062964 -0.03990626 -0.9950848 0.09062964 -0.03990626 -0.9945102 0.09709743 -0.03900714 -0.07973897 0.007699947 -0.9967861 -0.06473091 0.02148052 -0.9976715 -0.08134026 0.03069578 -0.9962136 0.02508429 -0.009058358 0.9996443 0.02508429 -0.009058358 0.9996443 0.02508429 -0.009058358 0.9996443 -0.01167571 -0.06552959 0.9977823 -0.01167571 -0.06552959 0.9977823 -0.01167571 -0.06552959 0.9977823 -0.02028248 0.0495823 0.9985641 -0.02028248 0.0495823 0.9985641 -0.02028248 0.0495823 0.9985641 0.4145569 -0.5782167 -0.7027147 0.4145569 -0.5782167 -0.7027147 0.4145569 -0.5782167 -0.7027147 0.3476486 -0.5267796 -0.775657 0.3476486 -0.5267796 -0.775657 0.3476486 -0.5267796 -0.775657 -0.1348822 0.1049971 -0.9852829 -0.1348822 0.1049971 -0.9852829 -0.1348822 0.1049971 -0.9852829 0.3714702 -0.4606658 0.8060998 0.3714702 -0.4606658 0.8060998 0.3714702 -0.4606658 0.8060998 0.4292388 -0.5085703 0.7463983 0.4292388 -0.5085703 0.7463983 0.4292388 -0.5085703 0.7463983 -0.07973897 0.007699947 -0.9967861 -0.07809527 -0.01529998 -0.9968285 -0.07973897 0.007699947 -0.9967861 -0.03464203 0.04900753 -0.9981975 -0.03464203 0.04900753 -0.9981975 -0.9981573 0.03705456 -0.04804993 -0.9982163 0.03706959 -0.04679582 -0.9982163 0.03706959 -0.04679582 -0.9982738 0.03708456 -0.04554162 -0.07285777 0.9967927 -0.03310328 -0.07317988 0.9967721 -0.03301626 -0.07285724 0.9967914 -0.03314377 -0.0731962 0.9967645 -0.03320686 -0.07304331 0.9967712 -0.03334567 -0.07387462 0.9967117 -0.03329255 0.9971597 0.07405531 0.01372292 0.9969668 0.07650669 0.01428345 0.9956928 0.09179016 0.01305402 0.9946309 0.1029399 0.01061045 0.9929017 0.1185703 0.009330509 0.9939119 0.1099586 0.006956442 -0.8147705 -0.5795598 0.01610841 -0.807737 -0.5893675 0.01438569 -0.807737 -0.5893675 0.01438569 -0.8005834 -0.5990876 0.01266083 -0.008612683 -0.2662432 -0.9638675 -0.009837324 -0.2639488 -0.9644865 -0.009837324 -0.2639488 -0.9644865 -0.01106189 -0.2616525 -0.9650987 0.07207545 -0.9964652 0.04315339 0.07195762 -0.9964718 0.04319876 0.07195762 -0.9964718 0.04319876 0.07183979 -0.9964783 0.04324414 -0.6896771 -0.7188167 0.08745369 -0.7085675 -0.7002258 0.08726972 -0.7085675 -0.7002258 0.08726972 -0.7269601 -0.681143 0.08702444 -0.9948061 0.09475623 -0.03717546 -0.9932053 0.1153521 -0.01539957 -0.9925464 0.1191683 -0.02550846 -0.9920691 0.1256132 -0.004504178 -0.9941737 0.1076821 0.004816151 -0.9955493 0.09413855 0.004418704 -0.9953028 0.09673093 0.003939159 -0.9953028 0.09673093 0.003939159 -0.9950493 0.09932264 0.003459586 -0.5491688 -0.8074 -0.2156821 -0.5493581 -0.8073282 -0.2154686 -0.5493581 -0.8073282 -0.2154686 -0.5495474 -0.8072564 -0.2152551 -0.540144 -0.805865 0.2425404 -0.5402621 -0.8058254 0.2424093 -0.5402621 -0.8058254 0.2424093 -0.5403802 -0.8057857 0.2422782 -0.6675725 0.07292841 0.7409644 -0.6680589 0.0724717 0.7405708 -0.6680589 0.0724717 0.7405708 -0.668545 0.07201495 0.7401767 -0.6011187 0.7756481 0.1924225 -0.6008244 0.7757866 0.1927828 -0.6008244 0.7757866 0.1927828 -0.60053 0.775925 0.193143 -0.6018462 0.7590774 -0.2481584 -0.6017056 0.7591328 -0.24833 -0.6017056 0.7591328 -0.24833 -0.6015649 0.7591881 -0.2485015 -0.678507 0.05653319 -0.7324154 -0.6780877 0.0569349 -0.7327724 -0.6780877 0.0569349 -0.7327724 -0.6776682 0.05733659 -0.7331292 0.04863394 -0.3553741 0.9334581 0.0489144 -0.3558993 0.9332433 0.0489144 -0.3558993 0.9332433 0.04919484 -0.3564243 0.9330282 0.9993187 0.03549894 0.01009805 0.9993929 0.03341762 0.009860553 0.9993929 0.03341762 0.009860553 0.9994625 0.03133615 0.009623016  
	<Tangents>: 142 0.02975799 -0.002932808 0.9995528 0.02975799 -0.002932808 0.9995528 0.02975799 -0.002932808 0.9995528 0.03511268 -0.003504401 0.9993772 0.03511268 -0.003504401 0.9993772 0.03511268 -0.003504401 0.9993772 0.9976943 0.007647494 0.06743602 0.9976943 0.007647494 0.06743602 0.9976943 0.007647494 0.06743602 -0.04789283 -0.0510519 0.997547 -0.04789283 -0.0510519 0.997547 -0.04789283 -0.0510519 0.997547 -0.05340315 -0.04988516 0.9973262 -0.05340315 -0.04988516 0.9973262 -0.05340315 -0.04988516 0.9973262 0.01475317 -0.003849051 0.9998838 0.01475317 -0.003849051 0.9998838 0.01475317 -0.003849051 0.9998838 0.002890996 5.850065E-05 0.9999958 -0.01447187 0.9998953 -0.0002185911 0.002890996 5.850065E-05 0.9999958 -0.008705872 0.9999621 -0.0002882347 -0.008705872 0.9999621 -0.0002882347 -0.05577352 0.01448305 0.9983384 -0.05577352 0.01448305 0.9983384 -0.05577352 0.01448305 0.9983384 2.703857E-05 6.445761E-07 1 2.703857E-05 6.445761E-07 1 -0.01472557 -0.0003007334 0.9998915 -0.01698769 0.9998556 -0.0005011034 -0.01698769 0.9998556 -0.0005011034 -0.02916924 0.00181375 0.9995729 -0.0176151 0.0007029977 0.9998446 -0.0176151 0.0007029977 0.9998446 -0.03974177 0.003619573 0.9992034 -0.03974177 0.003619573 0.9992034 -0.03882254 0.003790377 0.9992389 0.0006140042 0.9999704 0.007675428 0.001390774 0.9997693 0.02143545 0.00249798 0.9995287 0.03059397 0.9961538 0.08420367 -0.02423369 0.9958573 0.08765157 -0.024195 0.9959679 0.08638164 -0.02420929 0.9961305 0.08616409 0.01731522 0.9957591 0.0903032 0.01758272 0.9962773 0.08447122 0.01720576 0.9997942 0.001005859 0.02025752 0.9997942 0.001005859 0.02025752 0.9997942 0.001005859 0.02025752 0.9100234 0.263404 0.3201184 0.9100234 0.263404 0.3201184 0.9100234 0.263404 0.3201184 0.9376249 0.1953171 0.2875948 0.9376249 0.1953171 0.2875948 0.9376249 0.1953171 0.2875948 0.01424097 0.9944725 0.1040269 0.01424097 0.9944725 0.1040269 0.01424097 0.9944725 0.1040269 0.9284449 0.1843121 -0.32252 0.9284449 0.1843121 -0.32252 0.9284449 0.1843121 -0.32252 0.903191 0.2416965 -0.3547235 0.903191 0.2416965 -0.3547235 0.903191 0.2416965 -0.3547235 0.9937451 0.07904352 -0.07888511 0.9935437 0.08133999 -0.07908639 0.9934309 0.08295159 -0.07882979 0.9962877 0.08045413 -0.03062577 0.9959572 0.08452354 -0.03041451 0.03701169 0.9993132 0.001781692 0.03702892 0.9993127 0.001735894 0.03702892 0.9993127 0.001735894 0.03704603 0.9993121 0.001690054 -0.002413154 0.03301521 0.9994519 -0.002417444 0.03292763 0.9994548 -0.002416091 0.03305558 0.9994506 -0.002431957 0.03311768 0.9994485 -0.002437033 0.0332565 0.9994439 -0.002460838 0.03320148 0.9994457 -0.01368523 -0.001016351 0.9999058 -0.01424158 -0.001092891 0.999898 -0.01299891 -0.001198333 0.9999148 -0.01055407 -0.0010923 0.9999437 -0.009264682 -0.00110637 0.9999565 -0.006914258 -0.0007649395 0.9999758 0.01312636 0.009336999 0.9998703 0.01162106 0.008479336 0.9998965 0.01162106 0.008479336 0.9998965 0.01013686 0.007585553 0.9999199 0.9999629 -0.002293153 -0.008301794 0.9999517 -0.002596675 -0.009488426 0.9999517 -0.002596675 -0.009488426 0.9999388 -0.00289455 -0.01067647 -0.0031132 0.04304094 0.9990684 -0.003111385 0.04308657 0.9990665 -0.003111385 0.04308657 0.9990665 -0.003109559 0.04313219 0.9990645 0.06054679 0.06310496 0.9961686 0.06207332 0.06134256 0.9961848 0.06207332 0.06134256 0.9961848 0.06350422 0.05950183 0.9962062 -0.03700796 0.003525043 0.9993088 -0.01529675 0.001776584 0.9998814 -0.02532657 0.003040788 0.9996746 -0.004468501 0.0005657898 0.9999899 0.004788146 -0.0005186191 0.9999884 0.004399081 -0.0004159745 0.9999902 0.003920686 -0.0003810415 0.9999923 0.003920686 -0.0003810415 0.9999923 0.00344248 -0.0003436173 0.999994 -0.1213009 -0.1783392 0.9764636 -0.1212167 -0.1781382 0.9765108 -0.1212167 -0.1781382 0.9765108 -0.1211325 -0.1779373 0.9765579 0.1350389 0.2014705 0.9701413 0.1349908 0.2013449 0.970174 0.1349908 0.2013449 0.970174 0.1349427 0.2012193 0.9702068 0.04881499 0.9973372 -0.05418164 0.04854301 0.9973705 -0.05381192 0.04854301 0.9973705 -0.05381192 0.04827056 0.9974036 -0.05344255 0.1178715 -0.1520945 0.9813122 0.1180429 -0.1524174 0.9812414 0.1180429 -0.1524174 0.9812414 0.118214 -0.1527405 0.9811707 -0.1541759 0.1944541 0.9687195 -0.1542534 0.1946115 0.9686756 -0.1542534 0.1946115 0.9686756 -0.1543309 0.194769 0.9686315 0.03841961 0.9984007 0.0414721 0.03866958 0.9983779 0.04178811 0.03866958 0.9983779 0.04178811 0.03891921 0.9983549 0.0421044 0.9988167 0.01730372 -0.04545153 0.998803 0.01742946 -0.04570375 0.998803 0.01742946 -0.04570375 0.9987892 0.01755549 -0.04595581 -0.01009168 -0.0003584881 0.999949 -0.009855046 -0.0003295323 0.9999514 -0.009855046 -0.0003295323 0.9999514 -0.009618291 -0.0003015622 0.9999537  
	<BiTangents>: 142 0.09808012 0.9951786 -1.072729E-10 0.09808012 0.9951786 -1.072729E-10 0.09808012 0.9951786 -1.072729E-10 0.09931104 0.9950565 1.761156E-10 0.09931104 0.9950565 1.761156E-10 0.09931104 0.9950565 1.761156E-10 5.945268E-10 0.9936312 -0.1126815 5.945268E-10 0.9936312 -0.1126815 5.945268E-10 0.9936312 -0.1126815 0.7293113 -0.684182 -4.394888E-09 0.7293113 -0.684182 -4.394888E-09 0.7293113 -0.684182 -4.394888E-09 -0.6826271 0.730767 -2.429344E-09 -0.6826271 0.730767 -2.429344E-09 -0.6826271 0.730767 -2.429344E-09 0.2524464 0.9676109 1.182968E-11 0.2524464 0.9676109 1.182968E-11 0.2524464 0.9676109 1.182968E-11 -0.02023132 0.9997954 1.36041E-12 -0.01510283 -3.763131E-12 0.999886 -0.02023132 0.9997954 1.36041E-12 -0.03308995 9.102864E-12 0.9994524 -0.03308995 9.102864E-12 0.9994524 0.2513403 0.9678988 -6.858268E-10 0.2513403 0.9678988 -6.858268E-10 0.2513403 0.9678988 -6.858268E-10 -0.02383236 0.999716 2.768467E-14 -0.02383236 0.999716 2.768467E-14 -0.02041828 0.9997915 1.244677E-11 -0.02948521 1.237423E-11 0.9995652 -0.02948521 1.237423E-11 0.9995652 0.06206039 0.9980724 -1.051518E-10 0.03987707 0.9992046 7.376645E-11 0.03987707 0.9992046 7.376645E-11 0.09070189 0.9958781 1.92542E-11 0.09070189 0.9958781 1.92542E-11 0.09717139 0.9952677 1.161815E-10 0.9968156 -2.35269E-11 -0.07974134 0.9979018 1.654985E-11 -0.06474585 0.9966832 1.229648E-10 -0.0813786 0.0839542 -0.9964074 -0.01113571 0.08740123 -0.99611 -0.01121951 0.08613162 -0.9962209 -0.01118866 0.08710767 -0.9941235 -0.06427 0.09125513 -0.9937561 -0.06419734 0.08541138 -0.9942688 -0.0642994 8.115332E-11 0.9987695 -0.0495925 8.115332E-11 0.9987695 -0.0495925 8.115332E-11 0.9987695 -0.0495925 6.374179E-09 0.7721941 -0.6353867 6.374179E-09 0.7721941 -0.6353867 6.374179E-09 0.7721941 -0.6353867 -5.89054E-09 0.8272572 -0.5618234 -5.89054E-09 0.8272572 -0.5618234 -5.89054E-09 0.8272572 -0.5618234 0.9907593 -1.536005E-10 -0.1356319 0.9907593 -1.536005E-10 -0.1356319 0.9907593 -1.536005E-10 -0.1356319 -9.025542E-09 0.8682258 0.4961692 -9.025542E-09 0.8682258 0.4961692 -9.025542E-09 0.8682258 0.4961692 -4.414596E-09 0.8264013 0.5630816 -4.414596E-09 0.8264013 0.5630816 -4.414596E-09 0.8264013 0.5630816 0.07818206 -0.9968414 -0.01395463 0.08229204 -0.996569 0.008848934 0.082078 -0.9965238 -0.01426384 0.07880822 -0.9955528 -0.05161269 0.08288065 -0.9952156 -0.05173747 -0.04808296 -7.913193E-11 0.9988434 -0.04682801 1.057326E-10 0.998903 -0.04682801 1.057326E-10 0.998903 -0.04557297 -2.037417E-10 0.998961 0.9973394 0.07289773 9.331509E-12 0.9973158 0.0732198 1.856632E-10 0.9973394 0.0728973 2.37127E-10 0.9973146 0.07323659 2.454642E-10 0.9973258 0.07308395 4.995633E-11 0.9972644 0.07391559 -4.311001E-11 -0.07406228 0.9972536 8.062349E-11 -0.0765145 0.9970685 9.998535E-11 -0.09179799 0.9957777 -5.149328E-11 -0.1029457 0.994687 3.376216E-12 -0.1185755 0.992945 -2.290924E-11 -0.1099613 0.9939359 5.397944E-11 -0.579635 0.8148763 4.639178E-11 -0.5894285 0.8078206 -1.376684E-10 -0.5894285 0.8078206 -1.376684E-10 -0.5991356 0.8006476 9.082957E-12 4.988961E-11 0.9639031 -0.266253 -1.323368E-10 0.9645332 -0.2639615 -1.323368E-10 0.9645332 -0.2639615 8.013829E-11 0.9651578 -0.2616685 0.9973943 0.07214265 1.90731E-10 0.9974028 0.07202486 1.77575E-10 0.9974028 0.07202486 1.77575E-10 0.9974113 0.07190707 -2.503378E-10 0.7215813 -0.6923297 4.720318E-09 -0.7029076 0.7112812 -2.057037E-09 -0.7029076 0.7112812 -2.057037E-09 -0.6837369 0.7297286 -4.606469E-09 0.09482177 0.9954942 1.21755E-10 0.1153658 0.993323 4.620306E-11 0.119207 0.9928694 1.172233E-11 0.1256144 0.9920791 -3.005529E-11 0.1076833 0.9941853 -5.408989E-12 0.09413946 0.995559 2.810305E-11 0.09673168 0.9953105 8.661041E-12 0.09673168 0.9953105 8.661041E-12 0.09932324 0.9950553 1.373185E-11 0.8268613 -0.5624058 -3.292566E-10 0.8267479 -0.5625725 4.016734E-09 0.8267479 -0.5625725 4.016734E-09 0.8266345 -0.5627393 -9.591083E-09 0.8306677 -0.5567685 -7.738486E-09 0.8305988 -0.5568714 4.756091E-09 0.8305988 -0.5568714 4.756091E-09 0.8305297 -0.5569743 7.909097E-09 0.7429428 -4.253274E-10 0.6693549 0.7425233 6.922445E-10 0.6698202 0.7425233 6.922445E-10 0.6698202 0.7421035 7.340687E-10 0.6702853 0.7904192 0.6125662 3.155838E-09 0.7906175 0.6123105 -5.157928E-10 0.7906175 0.6123105 -5.157928E-10 0.7908156 0.6120546 4.150404E-09 0.7835885 0.6212801 -3.820555E-09 0.7836813 0.6211632 -4.808318E-09 0.7836813 0.6211632 -4.808318E-09 0.7837739 0.6210462 1.580168E-09 0.7335886 -5.28843E-10 -0.6795939 0.733963 -1.736404E-10 -0.6791894 0.733963 -1.736404E-10 -0.6791894 0.7343373 -7.598648E-10 -0.6787848 8.548096E-10 0.934564 0.3557951 1.21675E-09 0.9343618 0.3563258 1.21675E-09 0.9343618 0.3563258 6.890942E-10 0.9341592 0.3568564 -0.03550075 0.9993697 -1.882381E-11 -0.03341924 0.9994414 5.326572E-12 -0.03341924 0.9994414 5.326572E-12 -0.0313376 0.9995089 -3.685099E-11  
	<SubMeshes>: 1
		<SubMesh>: 0 192 0 1 2 3 4 5 6 7 8 9 10 11 12 13 14 15 16 17 18 19 20 19 21 22 23 24 25 26 27 28 29 28 30 31 32 33 34 31 35 36 34 35 37 38 39 40 41 42 43 44 45 46 47 48 49 50 51 52 53 54 55 56 57 58 59 60 61 62 63 64 65 66 67 68 66 69 70 71 70 72 71 73 74 75 74 76 75 75 76 77 78 77 76 79 80 81 82 79 81 82 81 83 84 82 83 85 86 87 86 88 87 89 90 91 90 92 91 93 94 95 94 96 95 97 98 99 98 100 99 101 102 103 103 102 104 104 102 105 106 107 108 107 109 108 110 111 112 111 113 112 114 115 116 115 117 116 118 119 120 119 121 120 122 123 124 123 125 124 126 127 128 127 129 128 130 131 132 131 133 132 134 135 136 135 137 136 138 139 140 139 141 140  
</Mesh>
