<Mesh>: 89 SM_Prop_Fountain_Water_01
	<Bounds>: 0 0 0 1.793712 1.087506 1.793712
	<Positions>: 89 -0.148325 1.087506 0.08563547 0 1.087506 0 -0.1712709 1.087506 0 -0.08563547 1.087506 0.148325 -0.148325 1.087506 -0.08563547 0 1.087506 0.1712709 -0.08563547 1.087506 -0.148325 0.08563547 1.087506 0.148325 0 1.087506 -0.1712709 0.148325 1.087506 0.08563547 0.08563547 1.087506 -0.148325 0.1712709 1.087506 0 0.148325 1.087506 -0.08563547 -0.2570297 0.6058071 0.1483962 0 0.6058071 0 -0.2967923 0.6058071 0 -0.1483962 0.6058071 0.2570297 -0.2570297 0.6058071 -0.1483962 0 0.6058071 0.2967923 -0.1483962 0.6058071 -0.2570297 0.1483962 0.6058071 0.2570297 0 0.6058071 -0.2967923 0.2570297 0.6058071 0.1483962 0.1483962 0.6058071 -0.2570297 0.2967923 0.6058071 0 0.2570297 0.6058071 -0.1483962 -0.3355636 0.003344148 0.1937377 0 0.003344148 0 -0.3874755 0.003344148 0 -0.1937377 0.003344148 0.3355636 -0.3355636 0.003344148 -0.1937377 0 0.003344148 0.3874755 -0.1937377 0.003344148 -0.3355636 0.1937377 0.003344148 0.3355636 0 0.003344148 -0.3874755 0.3355636 0.003344148 0.1937377 0.1937377 0.003344148 -0.3355636 0.3874755 0.003344148 0 0.3355636 0.003344148 -0.1937377 -0.6757574 -0.5972322 0.3901487 0 -0.5972322 0 -0.7802975 -0.5972322 0 -0.3901487 -0.5972322 0.6757574 -0.6757574 -0.5972322 -0.3901487 0 -0.5972322 0.7802975 -0.3901487 -0.5972322 -0.6757574 0.3901487 -0.5972322 0.6757574 0 -0.5972322 -0.7802975 0.6757574 -0.5972322 0.3901487 0.3901487 -0.5972322 -0.6757574 0.7802975 -0.5972322 0 0.6757574 -0.5972322 -0.3901487 -0.8369967 -1.087506 1.152027 -9.490809E-11 -1.087506 0.00057969 -1.152027 -1.087506 0.8369967 -0.4397287 -1.087506 1.354289 -1.354289 -1.087506 0.4397289 -0.3805509 -1.087506 1.574001 -1.574001 -1.087506 0.380551 -0.2197111 -1.087506 1.73484 -1.734841 -1.087506 0.2197112 4.243802E-08 -1.087506 1.793712 -1.793712 -1.087506 -1.812803E-15 0.2197113 -1.087506 1.73542 -1.734841 -1.087506 -0.2197112 0.380551 -1.087506 1.57458 -1.574001 -1.087506 -0.380551 0.4397289 -1.087506 1.354289 -1.35429 -1.087506 -0.4397289 0.8369969 -1.087506 1.152027 -1.152028 -1.087506 -0.8369972 1.152027 -1.087506 0.8369969 -0.8369972 -1.087506 -1.152028 1.354289 -1.087506 0.4397289 -0.4397289 -1.087506 -1.35429 1.574001 -1.087506 0.380551 -0.380551 -1.087506 -1.574001 1.734841 -1.087506 0.2197112 -0.2197113 -1.087506 -1.73484 1.793712 -1.087506 0 -4.243802E-08 -1.087506 -1.793712 1.734841 -1.087506 -0.2197112 0.2197111 -1.087506 -1.73484 1.574001 -1.087506 -0.380551 0.3805509 -1.087506 -1.574001 1.354289 -1.087506 -0.4397289 0.4397289 -1.087506 -1.35429 1.152028 -1.087506 -0.836997 0.836997 -1.087506 -1.152028  
	<Colors>: 0  
	<TextureCoords0>: 89 0.6366763 0.4281448 0.6366763 0.4281448 0.6366763 0.4281448 0.6366763 0.4281447 0.6366763 0.4281448 0.6366763 0.4281447 0.6366763 0.4281448 0.6366764 0.4281447 0.6366763 0.4281448 0.6366763 0.4281448 0.6366764 0.4281448 0.6366764 0.4281448 0.6366763 0.4281448 0.6366763 0.4281448 0.6366763 0.4281448 0.6366763 0.4281448 0.6366763 0.4281447 0.6366763 0.4281448 0.6366763 0.4281447 0.6366763 0.4281448 0.6366764 0.4281447 0.6366763 0.4281448 0.6366763 0.4281448 0.6366764 0.4281448 0.6366764 0.4281448 0.6366763 0.4281448 0.6366763 0.4281448 0.6366763 0.4281448 0.6366763 0.4281448 0.6366763 0.4281447 0.6366763 0.4281448 0.6366763 0.4281447 0.6366763 0.4281448 0.6366764 0.4281447 0.6366763 0.4281448 0.6366763 0.4281448 0.6366764 0.4281448 0.6366764 0.4281448 0.6366763 0.4281448 0.6366763 0.4281448 0.6366763 0.4281448 0.6366763 0.4281448 0.6366763 0.4281447 0.6366763 0.4281448 0.6366763 0.4281447 0.6366763 0.4281448 0.6366764 0.4281447 0.6366763 0.4281448 0.6366763 0.4281448 0.6366764 0.4281448 0.6366764 0.4281448 0.6366763 0.4281448 0.6326452 0.4289037 0.6326452 0.4289037 0.6326452 0.4289037 0.6326452 0.4289037 0.6326452 0.4289037 0.6326452 0.4289037 0.6326452 0.4289037 0.6326452 0.4289037 0.6326452 0.4289037 0.6326452 0.4289037 0.6326452 0.4289037 0.6326452 0.4289037 0.6326452 0.4289037 0.6326452 0.4289037 0.6326452 0.4289037 0.6326452 0.4289037 0.6326452 0.4289037 0.6326452 0.4289037 0.6326452 0.4289037 0.6326452 0.4289037 0.6326452 0.4289037 0.6326452 0.4289037 0.6326452 0.4289037 0.6326452 0.4289037 0.6326452 0.4289037 0.6326452 0.4289037 0.6326452 0.4289037 0.6326452 0.4289037 0.6326452 0.4289037 0.6326452 0.4289037 0.6326452 0.4289037 0.6326452 0.4289037 0.6326452 0.4289037 0.6326452 0.4289037 0.6326452 0.4289037 0.6326452 0.4289037 0.6326452 0.4289037  
	<TextureCoords1>: 0  
	<Normals>: 89 0 1 0 0 1 0 0 1 0 0 1 0 0 1 0 0 1 0 0 1 0 0 1 0 0 1 0 0 1 0 0 1 0 0 1 0 0 1 0 0 1 0 0 1 0 0 1 0 0 1 0 0 1 0 0 1 0 0 1 0 0 1 0 0 1 0 0 1 0 0 1 0 0 1 0 0 1 0 0 1 0 0 1 0 0 1 0 0 1 0 0 1 0 0 1 0 0 1 0 0 1 0 0 1 0 0 1 0 0 1 0 0 1 0 0 1 0 0 1 0 0 1 0 0 1 0 0 1 0 0 1 0 0 1 0 0 1 0 0 1 0 0 1 0 0 1 0 0 1 0 0 1 0 0 1 0 0 1 0 0 1 0 0 1 0 0 1 0 0 1 0 0 1 0 0 1 0 0 1 0 0 1 0 0 1 0 0 1 0 0 1 0 0 1 0 0 1 0 0 1 0 0 1 0 0 1 0 0 1 0 0 1 0 0 1 0 0 1 0 0 1 0 0 1 0 0 1 0 0 1 0 0 1 0 0 1 0 0 1 0 0 1 0 0 1 0 0 1 0 0 1 0 0 1 0 0 1 0 0 1 0 0 1 0 0 1 0  
	<Tangents>: 89 1 0 0 1 0 0 1 0 0 1 0 0 1 0 0 1 0 0 1 0 0 1 0 0 1 0 0 1 0 0 1 0 0 1 0 0 1 0 0 1 0 0 1 0 0 1 0 0 1 0 0 1 0 0 1 0 0 1 0 0 1 0 0 1 0 0 1 0 0 1 0 0 1 0 0 1 0 0 1 0 0 1 0 0 1 0 0 1 0 0 1 0 0 1 0 0 1 0 0 1 0 0 1 0 0 1 0 0 1 0 0 1 0 0 1 0 0 1 0 0 1 0 0 1 0 0 1 0 0 1 0 0 1 0 0 1 0 0 1 0 0 1 0 0 1 0 0 1 0 0 1 0 0 1 0 0 1 0 0 1 0 0 1 0 0 1 0 0 1 0 0 1 0 0 1 0 0 1 0 0 1 0 0 1 0 0 1 0 0 1 0 0 1 0 0 1 0 0 1 0 0 1 0 0 1 0 0 1 0 0 1 0 0 1 0 0 1 0 0 1 0 0 1 0 0 1 0 0 1 0 0 1 0 0 1 0 0 1 0 0 1 0 0 1 0 0 1 0 0 1 0 0 1 0 0 1 0 0 1 0 0 1 0 0 1 0 0  
	<BiTangents>: 89 0 0 1 0 0 1 0 0 1 0 0 1 0 0 1 0 0 1 0 0 1 0 0 1 0 0 1 0 0 1 0 0 1 0 0 1 0 0 1 0 0 1 0 0 1 0 0 1 0 0 1 0 0 1 0 0 1 0 0 1 0 0 1 0 0 1 0 0 1 0 0 1 0 0 1 0 0 1 0 0 1 0 0 1 0 0 1 0 0 1 0 0 1 0 0 1 0 0 1 0 0 1 0 0 1 0 0 1 0 0 1 0 0 1 0 0 1 0 0 1 0 0 1 0 0 1 0 0 1 0 0 1 0 0 1 0 0 1 0 0 1 0 0 1 0 0 1 0 0 1 0 0 1 0 0 1 0 0 1 0 0 1 0 0 1 0 0 1 0 0 1 0 0 1 0 0 1 0 0 1 0 0 1 0 0 1 0 0 1 0 0 1 0 0 1 0 0 1 0 0 1 0 0 1 0 0 1 0 0 1 0 0 1 0 0 1 0 0 1 0 0 1 0 0 1 0 0 1 0 0 1 0 0 1 0 0 1 0 0 1 0 0 1 0 0 1 0 0 1 0 0 1 0 0 1 0 0 1 0 0 1 0 0 1 0 0 1  
	<SubMeshes>: 1
		<SubMesh>: 0 252 0 1 2 3 1 0 2 1 4 5 1 3 4 1 6 7 1 5 6 1 8 9 1 7 8 1 10 11 1 9 10 1 12 12 1 11 13 14 15 16 14 13 15 14 17 18 14 16 17 14 19 20 14 18 19 14 21 22 14 20 21 14 23 24 14 22 23 14 25 25 14 24 26 27 28 29 27 26 28 27 30 31 27 29 30 27 32 33 27 31 32 27 34 35 27 33 34 27 36 37 27 35 36 27 38 38 27 37 39 40 41 42 40 39 41 40 43 44 40 42 43 40 45 46 40 44 45 40 47 48 40 46 47 40 49 50 40 48 49 40 51 51 40 50 52 53 54 55 53 52 54 53 56 57 53 55 56 53 58 59 53 57 58 53 60 61 53 59 60 53 62 63 53 61 62 53 64 65 53 63 64 53 66 67 53 65 66 53 68 69 53 67 68 53 70 71 53 69 70 53 72 73 53 71 72 53 74 75 53 73 74 53 76 77 53 75 76 53 78 79 53 77 78 53 80 81 53 79 80 53 82 83 53 81 82 53 84 85 53 83 84 53 86 87 53 85 86 53 88 88 53 87  
</Mesh>
