<Mesh>: 184 SM_Prop_Crate_02
	<Bounds>: 0 0.1613521 0 0.3250141 0.1613521 0.2206461
	<Positions>: 184 0.2183148 0 0.2206461 0.2183148 0.3227043 0.2206461 0.1463945 0.3227043 0.2206461 0.1463945 0 0.2206461 0.2183148 0.3227043 0.2206461 0.2183148 0.3227043 -0.2206461 0.1463945 0.3227043 -0.2206461 0.1463945 0.3227043 0.2206461 0.2183148 0.3227043 -0.2206461 0.2183148 0 -0.2206461 0.1463945 0 -0.2206461 0.1463945 0.3227043 -0.2206461 0.2183148 0 -0.2206461 0.2183148 0 0.2206461 0.1463945 0 0.2206461 0.1463945 0 -0.2206461 -0.1463945 0 0.2206461 -0.1463945 0.3227043 0.2206461 -0.2183148 0.3227043 0.2206461 -0.2183148 0 0.2206461 -0.1463945 0.3227043 0.2206461 -0.1463945 0.3227043 -0.2206461 -0.2183148 0.3227043 -0.2206461 -0.2183148 0.3227043 0.2206461 -0.1463945 0.3227043 -0.2206461 -0.1463945 0 -0.2206461 -0.2183148 0 -0.2206461 -0.2183148 0.3227043 -0.2206461 -0.1463945 0 -0.2206461 -0.1463945 0 0.2206461 -0.2183148 0 0.2206461 -0.2183148 0 -0.2206461 0.3024175 0.1529458 0.1795138 0.3250141 0.1699722 0.192927 -0.3250141 0.1699722 0.192927 -0.3024175 0.1529458 0.1795138 0.2955627 0.3007103 0.1666811 0.2955627 0.3007103 -0.1666811 -0.2955627 0.3007103 -0.1666811 -0.2955627 0.3007103 0.1666811 0.3250141 0.1699721 -0.192927 0.3024175 0.1529458 -0.1795138 -0.3024175 0.1529458 -0.1795138 -0.3250141 0.1699721 -0.192927 0.2955627 0.005910573 -0.1666811 0.2955627 0.005910573 0.1666811 -0.2955627 0.005910573 0.1666811 -0.2955627 0.005910573 -0.1666811 -0.3024175 0.1529458 0.1795138 -0.3250141 0.1699722 0.192927 -0.3250141 0.1699721 -0.192927 -0.3024175 0.1529458 -0.1795138 0.3024175 0.1529458 -0.1795138 0.3250141 0.1699721 -0.192927 0.3250141 0.1699722 0.192927 0.3024175 0.1529458 0.1795138 0.3250141 0.1377135 -0.192927 0.3024175 0.1529458 -0.1795138 0.3024175 0.1529458 0.1795138 0.3250141 0.1377135 0.192927 0.3250141 0.1377135 0.192927 0.3024175 0.1529458 0.1795138 -0.3024175 0.1529458 0.1795138 -0.3250141 0.1377135 0.192927 -0.3250141 0.1377135 0.192927 -0.3024175 0.1529458 0.1795138 -0.3024175 0.1529458 -0.1795138 -0.3250141 0.1377135 -0.192927 0.3024175 0.1529458 -0.1795138 0.3250141 0.1377135 -0.192927 -0.3250141 0.1377135 -0.192927 -0.3024175 0.1529458 -0.1795138 0.3250141 0.1699722 0.192927 0.3250141 0.2690591 0.192927 -0.3250141 0.2690591 0.192927 -0.3250141 0.1699722 0.192927 0.3250141 0.1699721 -0.192927 0.3250141 0.2690591 -0.192927 0.3250141 0.2690591 0.192927 0.3250141 0.1699722 0.192927 0.3250141 0.2690591 -0.192927 0.3250141 0.1699721 -0.192927 -0.3250141 0.1699721 -0.192927 -0.3250141 0.2690591 -0.192927 -0.3250141 0.1699722 0.192927 -0.3250141 0.2690591 0.192927 -0.3250141 0.2690591 -0.192927 -0.3250141 0.1699721 -0.192927 0.3250141 0.01492859 -0.192927 0.3250141 0.1377135 -0.192927 0.3250141 0.1377135 0.192927 0.3250141 0.01492859 0.192927 0.3250141 0.01492859 0.192927 0.3250141 0.1377135 0.192927 -0.3250141 0.1377135 0.192927 -0.3250141 0.01492859 0.192927 -0.3250141 0.01492859 0.192927 -0.3250141 0.1377135 0.192927 -0.3250141 0.1377135 -0.192927 -0.3250141 0.01492859 -0.192927 0.3250141 0.1377135 -0.192927 0.3250141 0.01492859 -0.192927 -0.3250141 0.01492859 -0.192927 -0.3250141 0.1377135 -0.192927 0.3250141 0.2690591 0.192927 0.2955627 0.2780772 0.1666811 -0.2955627 0.2780772 0.1666811 -0.3250141 0.2690591 0.192927 -0.3250141 0.2690591 0.192927 -0.2955627 0.2780772 0.1666811 -0.2955627 0.2780772 -0.1666811 -0.3250141 0.2690591 -0.192927 -0.3250141 0.2690591 -0.192927 -0.2955627 0.2780772 -0.1666811 0.2955627 0.2780772 -0.1666811 0.3250141 0.2690591 -0.192927 0.3250141 0.2690591 -0.192927 0.2955627 0.2780772 -0.1666811 0.2955627 0.2780772 0.1666811 0.3250141 0.2690591 0.192927 0.3250141 0.01492859 -0.192927 0.2955627 0.005910573 -0.1666811 -0.2955627 0.005910573 -0.1666811 -0.3250141 0.01492859 -0.192927 -0.3250141 0.01492859 -0.192927 -0.2955627 0.005910573 -0.1666811 -0.2955627 0.005910573 0.1666811 -0.3250141 0.01492859 0.192927 -0.3250141 0.01492859 0.192927 -0.2955627 0.005910573 0.1666811 0.2955627 0.005910573 0.1666811 0.3250141 0.01492859 0.192927 0.3250141 0.01492859 0.192927 0.2955627 0.005910573 0.1666811 0.2955627 0.005910573 -0.1666811 0.3250141 0.01492859 -0.192927 0.2955627 0.2780772 0.1666811 0.2955627 0.3007103 0.1666811 -0.2955627 0.3007103 0.1666811 -0.2955627 0.2780772 0.1666811 -0.2955627 0.2780772 0.1666811 -0.2955627 0.3007103 0.1666811 -0.2955627 0.3007103 -0.1666811 -0.2955627 0.2780772 -0.1666811 -0.2955627 0.2780772 -0.1666811 -0.2955627 0.3007103 -0.1666811 0.2955627 0.3007103 -0.1666811 0.2955627 0.2780772 -0.1666811 0.2955627 0.2780772 -0.1666811 0.2955627 0.3007103 -0.1666811 0.2955627 0.3007103 0.1666811 0.2955627 0.2780772 0.1666811 -0.1463945 0.3227043 0.2206461 -0.1463945 0.2755442 -0.1740566 -0.1463945 0.3227043 -0.2206461 -0.1463945 0.2755442 0.1740566 -0.1463945 0.03252443 -0.1740566 -0.1463945 0 0.2206461 -0.1463945 0 -0.2206461 -0.1463945 0.03252443 0.1740566 -0.2183148 0.3227043 -0.2206461 -0.2183148 0.2755442 0.1740566 -0.2183148 0.3227043 0.2206461 -0.2183148 0.2755442 -0.1740566 -0.2183148 0.03252443 0.1740566 -0.2183148 0 -0.2206461 -0.2183148 0 0.2206461 -0.2183148 0.03252443 -0.1740566 0.2183148 0.3227043 0.2206461 0.2183148 0.2755442 -0.1740566 0.2183148 0.3227043 -0.2206461 0.2183148 0.2755442 0.1740566 0.2183148 0.03252443 -0.1740566 0.2183148 0 0.2206461 0.2183148 0 -0.2206461 0.2183148 0.03252443 0.1740566 0.1463945 0.3227043 -0.2206461 0.1463945 0.2755442 0.1740566 0.1463945 0.3227043 0.2206461 0.1463945 0.2755442 -0.1740566 0.1463945 0.03252443 0.1740566 0.1463945 0 -0.2206461 0.1463945 0 0.2206461 0.1463945 0.03252443 -0.1740566  
	<Colors>: 0  
	<TextureCoords0>: 184 0.3085827 0.7620416 0.3085827 0.7620416 0.3085827 0.7620416 0.3085827 0.7620416 0.3085827 0.7620416 0.3085827 0.7620416 0.3085827 0.7620416 0.3085827 0.7620416 0.3085827 0.7620416 0.3085827 0.7620416 0.3085827 0.7620416 0.3085827 0.7620416 0.3085827 0.7620416 0.3085827 0.7620416 0.3085827 0.7620416 0.3085827 0.7620416 0.3085827 0.7620416 0.3085827 0.7620416 0.3085827 0.7620416 0.3085827 0.7620416 0.3085827 0.7620416 0.3085827 0.7620416 0.3085827 0.7620416 0.3085827 0.7620416 0.3085827 0.7620416 0.3085827 0.7620416 0.3085827 0.7620416 0.3085827 0.7620416 0.3085827 0.7620416 0.3085827 0.7620416 0.3085827 0.7620416 0.3085827 0.7620416 0.3085827 0.8150294 0.3085827 0.8150294 0.3085827 0.8150294 0.3085827 0.8150294 0.3085827 0.8150294 0.3085827 0.8150294 0.3085827 0.8150294 0.3085827 0.8150294 0.3085827 0.8150294 0.3085827 0.8150294 0.3085827 0.8150294 0.3085827 0.8150294 0.3085827 0.8150294 0.3085827 0.8150294 0.3085827 0.8150294 0.3085827 0.8150294 0.3085827 0.8150294 0.3085827 0.8150294 0.3085827 0.8150294 0.3085827 0.8150294 0.3085827 0.8150294 0.3085827 0.8150294 0.3085827 0.8150294 0.3085827 0.8150294 0.3085827 0.8150294 0.3085827 0.8150294 0.3085827 0.8150294 0.3085827 0.8150294 0.3085827 0.8150294 0.3085827 0.8150294 0.3085827 0.8150294 0.3085827 0.8150294 0.3085827 0.8150294 0.3085827 0.8150294 0.3085827 0.8150294 0.3085827 0.8150294 0.3085827 0.8150294 0.3085827 0.8150294 0.3085827 0.8150294 0.3085827 0.8150294 0.3085827 0.8150294 0.3085827 0.8150294 0.3085827 0.8150294 0.3085827 0.8150294 0.3085827 0.8150294 0.3085827 0.8150294 0.3085827 0.8150294 0.3085827 0.8150294 0.3085827 0.8150294 0.3085827 0.8150294 0.3085827 0.8150294 0.3085827 0.8150294 0.3085827 0.8150294 0.3085827 0.8150294 0.3085827 0.8150294 0.3085827 0.8150294 0.3085827 0.8150294 0.3085827 0.8150294 0.3085827 0.8150294 0.3085827 0.8150294 0.3085827 0.8150294 0.3085827 0.8150294 0.3085827 0.8150294 0.3085827 0.8150294 0.3085827 0.8150294 0.3085827 0.8150294 0.3085827 0.8150294 0.3085827 0.8150294 0.3085827 0.8150294 0.3085827 0.8150294 0.3085827 0.8150294 0.3085827 0.8150294 0.3085827 0.8150294 0.3085827 0.8150294 0.3085827 0.8150294 0.3085827 0.8150294 0.3085827 0.8150294 0.3085827 0.8150294 0.3085827 0.8150294 0.3085827 0.8150294 0.3085827 0.8150294 0.3085827 0.8150294 0.3085827 0.8150294 0.3085827 0.8150294 0.3085827 0.8150294 0.3085827 0.8150294 0.3085827 0.8150294 0.3085827 0.8150294 0.3085827 0.8150294 0.3085827 0.8150294 0.3085827 0.8150294 0.3085827 0.8150294 0.3085827 0.8150294 0.3085827 0.8150294 0.3085827 0.8150294 0.3085827 0.8150294 0.3085827 0.8150294 0.3085827 0.8150294 0.3085827 0.8150294 0.3085827 0.8150294 0.3085827 0.8150294 0.3085827 0.8150294 0.3085827 0.8150294 0.3085827 0.8150294 0.3085827 0.8150294 0.3085827 0.8150294 0.3085827 0.8150294 0.3085827 0.8150294 0.3085827 0.8150294 0.3085827 0.8150294 0.3085827 0.8150294 0.3085827 0.8150294 0.3085827 0.8150294 0.3085827 0.8150294 0.3085827 0.8150294 0.3085827 0.8150294 0.3085827 0.8150294 0.3085827 0.8150294 0.3085827 0.8150294 0.3085827 0.8150294 0.3085827 0.7620416 0.3085827 0.7620416 0.3085827 0.7620416 0.3085827 0.7620416 0.3085827 0.7620416 0.3085827 0.7620416 0.3085827 0.7620416 0.3085827 0.7620416 0.3085827 0.7620416 0.3085827 0.7620416 0.3085827 0.7620416 0.3085827 0.7620416 0.3085827 0.7620416 0.3085827 0.7620416 0.3085827 0.7620416 0.3085827 0.7620416 0.3085827 0.7620416 0.3085827 0.7620416 0.3085827 0.7620416 0.3085827 0.7620416 0.3085827 0.7620416 0.3085827 0.7620416 0.3085827 0.7620416 0.3085827 0.7620416 0.3085827 0.7620416 0.3085827 0.7620416 0.3085827 0.7620416 0.3085827 0.7620416 0.3085827 0.7620416 0.3085827 0.7620416 0.3085827 0.7620416 0.3085827 0.7620416  
	<TextureCoords1>: 0  
	<Normals>: 184 0 0 1 0 0 1 0 0 1 0 0 1 0 1 0 0 1 0 0 1 0 0 1 0 0 0 -1 0 0 -1 0 0 -1 0 0 -1 0 -1 0 0 -1 0 0 -1 0 0 -1 0 0 0 1 0 0 1 0 0 1 0 0 1 0 1 0 0 1 0 0 1 0 0 1 0 0 0 -1 0 0 -1 0 0 -1 0 0 -1 0 -1 0 0 -1 0 0 -1 0 0 -1 0 0 -0.6188293 0.7855254 0 -0.6188293 0.7855254 0 -0.6188293 0.7855254 0 -0.6188293 0.7855254 0 1 0 0 1 0 0 1 0 0 1 0 0 -0.6188293 -0.7855254 0 -0.6188293 -0.7855254 0 -0.6188293 -0.7855254 0 -0.6188293 -0.7855254 0 -1 0 0 -1 0 0 -1 0 0 -1 0 -0.6017846 -0.7986584 0 -0.6017846 -0.7986584 0 -0.6017846 -0.7986584 0 -0.6017846 -0.7986584 0 0.6017846 -0.7986584 0 0.6017846 -0.7986584 0 0.6017846 -0.7986584 0 0.6017846 -0.7986584 0 0.5589594 0.829195 0 0.5589594 0.829195 0 0.5589594 0.829195 0 0.5589594 0.829195 0 0 0.6608714 0.7504991 0 0.6608714 0.7504991 0 0.6608714 0.7504991 0 0.6608714 0.7504991 -0.5589594 0.829195 0 -0.5589594 0.829195 0 -0.5589594 0.829195 0 -0.5589594 0.829195 0 0 0.6608718 -0.7504988 0 0.6608718 -0.7504988 0 0.6608718 -0.7504988 0 0.6608718 -0.7504988 0 0 1 0 0 1 0 0 1 0 0 1 1 0 0 1 0 0 1 0 0 1 0 0 0 0 -1 0 0 -1 0 0 -1 0 0 -1 -1 0 0 -1 0 0 -1 0 0 -1 0 0 1 0 0 1 0 0 1 0 0 1 0 0 0 0 1 0 0 1 0 0 1 0 0 1 -1 0 0 -1 0 0 -1 0 0 -1 0 0 0 0 -1 0 0 -1 0 0 -1 0 0 -1 0 0.9457304 0.3249521 0 0.9457304 0.3249521 0 0.9457304 0.3249521 0 0.9457304 0.3249521 -0.2927837 0.9561788 0 -0.2927837 0.9561788 0 -0.2927837 0.9561788 0 -0.2927837 0.9561788 0 0 0.9457304 -0.3249521 0 0.9457304 -0.3249521 0 0.9457304 -0.3249521 0 0.9457304 -0.3249521 0.2927837 0.9561788 0 0.2927837 0.9561788 0 0.2927837 0.9561788 0 0.2927837 0.9561788 0 0 -0.9457309 -0.3249508 0 -0.9457309 -0.3249508 0 -0.9457309 -0.3249508 0 -0.9457309 -0.3249508 -0.2927824 -0.9561791 0 -0.2927824 -0.9561791 0 -0.2927824 -0.9561791 0 -0.2927824 -0.9561791 0 0 -0.9457309 0.3249508 0 -0.9457309 0.3249508 0 -0.9457309 0.3249508 0 -0.9457309 0.3249508 0.2927824 -0.9561791 0 0.2927824 -0.9561791 0 0.2927824 -0.9561791 0 0.2927824 -0.9561791 0 0 0 1 0 0 1 0 0 1 0 0 1 -1 0 0 -1 0 0 -1 0 0 -1 0 0 0 0 -1 0 0 -1 0 0 -1 0 0 -1 1 0 0 1 0 0 1 0 0 1 0 0 1 0 0 1 0 0 1 0 0 1 0 0 1 0 0 1 0 0 1 0 0 1 0 0 -1 0 0 -1 0 0 -1 0 0 -1 0 0 -1 0 0 -1 0 0 -1 0 0 -1 0 0 1 0 0 1 0 0 1 0 0 1 0 0 1 0 0 1 0 0 1 0 0 1 0 0 -1 0 0 -1 0 0 -1 0 0 -1 0 0 -1 0 0 -1 0 0 -1 0 0 -1 0 0  
	<Tangents>: 184 1 0 0 1 0 0 1 0 0 1 0 0 1 0 0 1 0 0 1 0 0 1 0 0 1 0 0 1 0 0 1 0 0 1 0 0 1 0 0 1 0 0 1 0 0 1 0 0 1 0 0 1 0 0 1 0 0 1 0 0 1 0 0 1 0 0 1 0 0 1 0 0 1 0 0 1 0 0 1 0 0 1 0 0 1 0 0 1 0 0 1 0 0 1 0 0 1 0 0 1 0 0 1 0 0 1 0 0 1 0 0 1 0 0 1 0 0 1 0 0 1 0 0 1 0 0 1 0 0 1 0 0 1 0 0 1 0 0 1 0 0 1 0 0 0 0 1 0 0 1 0 0 1 0 0 1 0 0 1 0 0 1 0 0 1 0 0 1 0 0 1 0 0 1 0 0 1 0 0 1 1 0 0 1 0 0 1 0 0 1 0 0 0 0 1 0 0 1 0 0 1 0 0 1 1 0 0 1 0 0 1 0 0 1 0 0 1 0 0 1 0 0 1 0 0 1 0 0 0 1 0 0 1 0 0 1 0 0 1 0 1 0 0 1 0 0 1 0 0 1 0 0 0 1 0 0 1 0 0 1 0 0 1 0 0 1 0 0 1 0 0 1 0 0 1 0 1 0 0 1 0 0 1 0 0 1 0 0 0 1 0 0 1 0 0 1 0 0 1 0 1 0 0 1 0 0 1 0 0 1 0 0 1 0 0 1 0 0 1 0 0 1 0 0 0 0 1 0 0 1 0 0 1 0 0 1 1 0 0 1 0 0 1 0 0 1 0 0 0 0 1 0 0 1 0 0 1 0 0 1 1 0 0 1 0 0 1 0 0 1 0 0 0 0 1 0 0 1 0 0 1 0 0 1 1 0 0 1 0 0 1 0 0 1 0 0 0 0 1 0 0 1 0 0 1 0 0 1 1 0 0 1 0 0 1 0 0 1 0 0 0 1 0 0 1 0 0 1 0 0 1 0 1 0 0 1 0 0 1 0 0 1 0 0 0 1 0 0 1 0 0 1 0 0 1 0 0 1 0 0 1 0 0 1 0 0 1 0 0 1 0 0 1 0 0 1 0 0 1 0 0 1 0 0 1 0 0 1 0 0 1 0 0 1 0 0 1 0 0 1 0 0 1 0 0 1 0 0 1 0 0 1 0 0 1 0 0 1 0 0 1 0 0 1 0 0 1 0 0 1 0 0 1 0 0 1 0 0 1 0 0 1 0 0 1 0 0 1 0 0 1 0  
	<BiTangents>: 184 0 1 0 0 1 0 0 1 0 0 1 0 0 0 1 0 0 1 0 0 1 0 0 1 0 1 0 0 1 0 0 1 0 0 1 0 0 0 1 0 0 1 0 0 1 0 0 1 0 1 0 0 1 0 0 1 0 0 1 0 0 0 1 0 0 1 0 0 1 0 0 1 0 1 0 0 1 0 0 1 0 0 1 0 0 0 1 0 0 1 0 0 1 0 0 1 0 0.7855255 0.6188294 0 0.7855255 0.6188294 0 0.7855255 0.6188294 0 0.7855255 0.6188294 0 0 1 0 0 1 0 0 1 0 0 1 0 0.7855255 -0.6188294 0 0.7855255 -0.6188294 0 0.7855255 -0.6188294 0 0.7855255 -0.6188294 0 0 1 0 0 1 0 0 1 0 0 1 0.7986584 -0.6017846 0 0.7986584 -0.6017846 0 0.7986584 -0.6017846 0 0.7986584 -0.6017846 0 0.7986584 0.6017846 0 0.7986584 0.6017846 0 0.7986584 0.6017846 0 0.7986584 0.6017846 0 0.829195 -0.5589595 0 0.829195 -0.5589595 0 0.829195 -0.5589595 0 0.829195 -0.5589595 0 0 0.7504991 -0.6608714 0 0.7504991 -0.6608714 0 0.7504991 -0.6608714 0 0.7504991 -0.6608714 0.829195 0.5589595 0 0.829195 0.5589595 0 0.829195 0.5589595 0 0.829195 0.5589595 0 0 0.7504988 0.6608718 0 0.7504988 0.6608718 0 0.7504988 0.6608718 0 0.7504988 0.6608718 0 1 0 0 1 0 0 1 0 0 1 0 0 0 1 0 0 1 0 0 1 0 0 1 0 1 0 0 1 0 0 1 0 0 1 0 0 0 1 0 0 1 0 0 1 0 0 1 0 0 1 0 0 1 0 0 1 0 0 1 0 1 0 0 1 0 0 1 0 0 1 0 0 0 1 0 0 1 0 0 1 0 0 1 0 1 0 0 1 0 0 1 0 0 1 0 0 -0.3249521 0.9457304 0 -0.3249521 0.9457304 0 -0.3249521 0.9457304 0 -0.3249521 0.9457304 0.9561787 0.2927837 0 0.9561787 0.2927837 0 0.9561787 0.2927837 0 0.9561787 0.2927837 0 0 0.3249521 0.9457304 0 0.3249521 0.9457304 0 0.3249521 0.9457304 0 0.3249521 0.9457304 0.9561787 -0.2927837 0 0.9561787 -0.2927837 0 0.9561787 -0.2927837 0 0.9561787 -0.2927837 0 0 -0.3249508 0.9457309 0 -0.3249508 0.9457309 0 -0.3249508 0.9457309 0 -0.3249508 0.9457309 0.9561791 -0.2927824 0 0.9561791 -0.2927824 0 0.9561791 -0.2927824 0 0.9561791 -0.2927824 0 0 0.3249508 0.9457309 0 0.3249508 0.9457309 0 0.3249508 0.9457309 0 0.3249508 0.9457309 0.9561791 0.2927824 0 0.9561791 0.2927824 0 0.9561791 0.2927824 0 0.9561791 0.2927824 0 0 1 0 0 1 0 0 1 0 0 1 0 0 0 1 0 0 1 0 0 1 0 0 1 0 1 0 0 1 0 0 1 0 0 1 0 0 0 1 0 0 1 0 0 1 0 0 1 0 0 1 0 0 1 0 0 1 0 0 1 0 0 1 0 0 1 0 0 1 0 0 1 0 0 1 0 0 1 0 0 1 0 0 1 0 0 1 0 0 1 0 0 1 0 0 1 0 0 1 0 0 1 0 0 1 0 0 1 0 0 1 0 0 1 0 0 1 0 0 1 0 0 1 0 0 1 0 0 1 0 0 1 0 0 1 0 0 1 0 0 1 0 0 1  
	<SubMeshes>: 1
		<SubMesh>: 0 324 0 1 2 0 2 3 4 5 6 4 6 7 8 9 10 8 10 11 12 13 14 12 14 15 16 17 18 16 18 19 20 21 22 20 22 23 24 25 26 24 26 27 28 29 30 28 30 31 32 33 34 32 34 35 36 37 38 36 38 39 40 41 42 40 42 43 44 45 46 44 46 47 48 49 50 48 50 51 52 53 54 52 54 55 56 57 58 56 58 59 60 61 62 60 62 63 64 65 66 64 66 67 68 69 70 68 70 71 72 73 74 72 74 75 76 77 78 76 78 79 80 81 82 80 82 83 84 85 86 84 86 87 88 89 90 88 90 91 92 93 94 92 94 95 96 97 98 96 98 99 100 101 102 100 102 103 104 105 106 104 106 107 108 109 110 108 110 111 112 113 114 112 114 115 116 117 118 116 118 119 120 121 122 120 122 123 124 125 126 124 126 127 128 129 130 128 130 131 132 133 134 132 134 135 136 137 138 136 138 139 140 141 142 140 142 143 144 145 146 144 146 147 148 149 150 148 150 151 152 153 154 152 155 153 154 153 156 157 155 152 154 156 158 157 159 155 158 156 159 158 159 157 160 161 162 160 163 161 162 161 164 165 163 160 162 164 166 165 167 163 166 164 167 166 167 165 168 169 170 168 171 169 170 169 172 173 171 168 170 172 174 173 175 171 174 172 175 174 175 173 176 177 178 176 179 177 178 177 180 181 179 176 178 180 182 181 183 179 182 180 183 182 183 181  
</Mesh>
