<Mesh>: 292 SM_Prop_Grave_04
	<Bounds>: 0 1.102299 0 0.5321426 1.102299 0.5321579
	<Positions>: 292 0.0680542 1.16287 -0.009117126 0.07313538 1.003425 -0.07313538 0.01283264 1.16287 -0.0680542 -0.1757813 0.7177306 0.1757813 -0.1042786 0.7941151 0.1705856 -0.170578 0.7941151 0.09354401 0.0636673 1.300547 -0.0636673 0.0680542 1.16287 -0.009117126 0.01283264 1.16287 -0.0680542 -0.15728 1.904404 0.07135773 -0.2165451 1.963667 -0.07134247 -0.2616272 1.854825 0.07135773 -0.2165451 1.963667 -0.07134247 -0.15728 1.904404 0.07135773 -0.1246185 2.001744 0.07135773 0.1572647 1.589861 -0.07134247 0.2165298 1.530597 -0.0228653 0.1105804 1.486712 -0.07134247 0.2165298 1.530597 -0.0228653 0.1572647 1.589861 -0.07134247 0.2590332 1.63322 -0.07134247 0.06316376 0.7014254 0.2278976 0.09747314 0.6783203 0.2294693 0.09893036 0.701738 0.1768646 -0.2165451 1.963667 -0.07134247 -0.1246185 2.001744 0.07135773 -7.629395E-06 2.053359 0.07135773 -7.629395E-06 2.053359 -0.07134247 -7.629395E-06 2.053359 -0.07134247 -7.629395E-06 2.053359 0.07135773 0.2165298 1.963667 0.07135773 0.2165298 1.963667 -0.07134247 0.2165298 1.963667 -0.07134247 0.2165298 1.963667 0.07135773 0.3062134 1.747132 0.07135773 0.3062134 1.747132 -0.07134247 0.3062134 1.747132 0.07135773 0.2165298 1.530597 0.07135773 0.2165298 1.530597 -0.0228653 0.2590332 1.63322 -0.07134247 0.3062134 1.747132 -0.07134247 -7.629395E-06 1.440906 0.07135773 -7.629395E-06 1.440906 -0.07134247 0.1105804 1.486712 -0.07134247 0.2165298 1.530597 -0.0228653 0.2165298 1.530597 0.07135773 -7.629395E-06 1.440906 -0.07134247 -7.629395E-06 1.440906 0.07135773 -0.2165451 1.530597 0.07135773 -0.2165451 1.530597 -0.07134247 -0.2165451 1.530597 -0.07134247 -0.2165451 1.530597 0.07135773 -0.3062286 1.747132 0.07135773 -0.3062286 1.747132 -0.07134247 -0.3062286 1.747132 -0.07134247 -0.3062286 1.747132 0.07135773 -0.2616272 1.854825 0.07135773 -0.2165451 1.963667 -0.07134247 0.1572647 1.589861 -0.07134247 0.3062134 1.747132 -0.07134247 0.2590332 1.63322 -0.07134247 0.2224045 1.747132 -0.07134247 0.1572647 1.904404 -0.07134247 0.2165298 1.963667 -0.07134247 -7.629395E-06 1.969548 -0.07134247 -7.629395E-06 2.053359 -0.07134247 -0.15728 1.904404 -0.07134247 -0.2165451 1.963667 -0.07134247 -0.2224197 1.747132 -0.07134247 -0.3062286 1.747132 -0.07134247 -0.15728 1.589861 -0.07134247 -0.2165451 1.530597 -0.07134247 -7.629395E-06 1.524716 -0.07134247 -7.629395E-06 1.440906 -0.07134247 0.1105804 1.486712 -0.07134247 -0.15728 1.904404 0.07135773 -7.629395E-06 2.053359 0.07135773 -0.1246185 2.001744 0.07135773 -7.629395E-06 1.969548 0.07135773 0.1572647 1.904404 0.07135773 0.2165298 1.963667 0.07135773 0.2224045 1.747132 0.07135773 0.3062134 1.747132 0.07135773 0.1572647 1.589861 0.07135773 0.2165298 1.530597 0.07135773 -7.629395E-06 1.524716 0.07135773 -7.629395E-06 1.440906 0.07135773 -0.15728 1.589861 0.07135773 -0.2165451 1.530597 0.07135773 -0.2224197 1.747132 0.07135773 -0.3062286 1.747132 0.07135773 -0.2616272 1.854825 0.07135773 -7.629395E-06 1.969548 -0.07134247 -7.629395E-06 1.969548 0.07135773 -0.15728 1.904404 0.07135773 -0.15728 1.904404 -0.07134247 0.1572647 1.904404 -0.07134247 0.1572647 1.904404 0.07135773 -7.629395E-06 1.969548 0.07135773 -7.629395E-06 1.969548 -0.07134247 0.2224045 1.747132 -0.07134247 0.2224045 1.747132 0.07135773 0.1572647 1.904404 0.07135773 0.1572647 1.904404 -0.07134247 0.1572647 1.589861 -0.07134247 0.1572647 1.589861 0.07135773 0.2224045 1.747132 0.07135773 0.2224045 1.747132 -0.07134247 -7.629395E-06 1.524716 -0.07134247 -7.629395E-06 1.524716 0.07135773 0.1572647 1.589861 0.07135773 0.1572647 1.589861 -0.07134247 -0.15728 1.589861 -0.07134247 -0.15728 1.589861 0.07135773 -7.629395E-06 1.524716 0.07135773 -7.629395E-06 1.524716 -0.07134247 -0.2224197 1.747132 -0.07134247 -0.2224197 1.747132 0.07135773 -0.15728 1.589861 0.07135773 -0.15728 1.589861 -0.07134247 -0.15728 1.904404 -0.07134247 -0.15728 1.904404 0.07135773 -0.2224197 1.747132 0.07135773 -0.2224197 1.747132 -0.07134247 0.07980347 0.7941151 0.07980347 -0.06806183 1.16287 0.06806946 -0.0798111 0.7941151 0.07980347 0.0680542 1.16287 0.06806946 -0.03488159 2.204598 0.03488159 0.03487396 2.204598 0.03488159 0.03487396 2.204598 0.03488159 0.03487396 2.204598 -0.03488159 -0.03488159 2.204598 -0.03488159 -0.03488159 2.204598 0.03488159 -0.0798111 0.7941151 0.07980347 -0.06806183 1.16287 -0.0680542 -0.0798111 0.7941151 -0.07980347 -0.06806183 1.16287 0.06806946 -0.03488159 2.204598 -0.03488159 -0.03488159 2.204598 0.03488159 -0.09590149 0.7014254 0.2278976 -0.1121521 0.462785 0.2441559 0.1121445 0.462785 0.2441559 0.06316376 0.7014254 0.2278976 0.09747314 0.6783203 0.2294693 0.1705856 0.7941151 -0.170578 0.1994705 0.3696459 -0.1994781 -0.1994781 0.3696459 -0.1994781 -0.170578 0.7941151 -0.170578 0.1994705 0.3696459 -0.1994781 0.1705856 0.7941151 -0.170578 0.1705856 0.7941151 0.1705856 0.1994705 0.3696459 0.1994858 0.3372879 0.2367148 -0.3372955 0.3226547 0.3696459 -0.3226624 0.3226547 0.3696459 0.1981583 0.3372879 0.2367148 0.3372955 0.3372879 0.2367148 0.3372955 0.2034607 0.3696459 0.3226624 -0.3226624 0.3696459 0.3226624 -0.3372955 0.2367148 0.3372955 -0.3372955 0.2367148 0.3372955 -0.3226624 0.3696459 0.3226624 -0.3226624 0.3696459 -0.3226624 -0.3372955 0.2367148 -0.3372955 0.3226547 0.3696459 -0.3226624 0.3372879 0.2367148 -0.3372955 -0.3372955 0.2367148 -0.3372955 -0.3226624 0.3696459 -0.3226624 -0.3226624 0.3696459 0.3226624 0.2034607 0.3696459 0.3226624 0.2617569 0.3696459 0.2617645 -0.1994781 0.3696459 0.1994858 0.1994705 0.3696459 0.1994858 -0.1994781 0.3696459 -0.1994781 0.3226547 0.3696459 0.1981583 -0.3226624 0.3696459 -0.3226624 0.1994705 0.3696459 -0.1994781 0.3226547 0.3696459 -0.3226624 0.5321426 7.450559E-09 -0.5321579 0.519249 0.2367148 -0.5192719 0.519249 0.2367148 0.5192719 0.5321426 7.450559E-09 0.5321579 0.5321426 7.450559E-09 0.5321579 0.519249 0.2367148 0.5192719 -0.4312592 0.2367148 0.5192719 -0.5321426 7.450559E-09 0.5321579 -0.5321426 7.450559E-09 0.5321579 -0.5192566 0.2367148 0.3993301 -0.5192566 0.2367148 -0.5192719 -0.5321426 7.450559E-09 -0.5321579 0.519249 0.2367148 -0.5192719 0.5321426 7.450559E-09 -0.5321579 -0.5321426 7.450559E-09 -0.5321579 -0.5192566 0.2367148 -0.5192719 -0.4685059 0.2367148 0.4685059 -0.4312592 0.2367148 0.5192719 0.519249 0.2367148 0.5192719 -0.3372955 0.2367148 0.3372955 -0.5192566 0.2367148 0.3993301 0.3372879 0.2367148 0.3372955 -0.3372955 0.2367148 -0.3372955 0.519249 0.2367148 -0.5192719 -0.5192566 0.2367148 -0.5192719 0.3372879 0.2367148 -0.3372955 0.4250488 1.783317 0.03618622 -0.4250641 1.783317 0.03618622 -0.4250641 1.710947 0.03618622 0.4250488 1.710947 0.03618622 -0.4250641 1.783317 0.03618622 -0.4250641 1.783317 -0.03617859 -0.4250641 1.710947 -0.03617859 -0.4250641 1.710947 0.03618622 -0.4250641 1.783317 -0.03617859 0.4250488 1.783317 -0.03617859 0.4250488 1.710947 -0.03617859 -0.4250641 1.710947 -0.03617859 0.4250488 1.783317 -0.03617859 0.4250488 1.783317 0.03618622 0.4250488 1.710947 0.03618622 0.4250488 1.710947 -0.03617859 0.4250488 1.710947 0.03618622 -0.4250641 1.710947 0.03618622 -0.4250641 1.710947 -0.03617859 0.4250488 1.710947 -0.03617859 0.4250488 1.783317 -0.03617859 -0.4250641 1.783317 -0.03617859 -0.4250641 1.783317 0.03618622 0.4250488 1.783317 0.03618622 0.1156921 0.455555 0.193634 0.1121445 0.462785 0.2441559 -0.1121521 0.462785 0.2441559 -0.1156998 0.455555 0.193634 -0.1156998 0.455555 0.193634 -0.1121521 0.462785 0.2441559 -0.09590149 0.7014254 0.2278976 -0.09893799 0.701738 0.1768646 -0.09893799 0.701738 0.1768646 -0.09590149 0.7014254 0.2278976 0.06316376 0.7014254 0.2278976 0.09893036 0.701738 0.1768646 0.09893036 0.701738 0.1768646 0.09747314 0.6783203 0.2294693 0.1121445 0.462785 0.2441559 0.1156921 0.455555 0.193634 -0.170578 0.7941151 -0.170578 -0.1994781 0.3696459 -0.1994781 -0.1994781 0.3696459 0.1994858 -0.1757813 0.7177306 0.1757813 -0.170578 0.7941151 0.09354401 0.3372879 0.2367148 0.3372955 0.2617569 0.3696459 0.2617645 0.2034607 0.3696459 0.3226624 0.3226547 0.3696459 0.1981583 -0.4312592 0.2367148 0.5192719 -0.4685059 0.2367148 0.4685059 -0.5321426 7.450559E-09 0.5321579 -0.5192566 0.2367148 0.3993301 0.03487396 2.204598 -0.03488159 0.0636673 1.300547 -0.0636673 0.01283264 1.16287 -0.0680542 -0.03488159 2.204598 -0.03488159 -0.06806183 1.16287 -0.0680542 0.07980347 0.7941151 -0.07980347 -0.0798111 0.7941151 -0.07980347 0.07313538 1.003425 -0.07313538 0.0680542 1.16287 0.06806946 0.07980347 0.7941151 0.07980347 0.07980347 0.7941151 -0.07980347 0.07313538 1.003425 -0.07313538 0.0680542 1.16287 -0.009117126 0.03487396 2.204598 0.03488159 0.0636673 1.300547 -0.0636673 0.03487396 2.204598 -0.03488159 -0.09893799 0.701738 0.1768646 -0.1042786 0.7941151 0.1705856 -0.1757813 0.7177306 0.1757813 -0.1994781 0.3696459 0.1994858 0.1705856 0.7941151 0.1705856 -0.1156998 0.455555 0.193634 0.09893036 0.701738 0.1768646 0.1994705 0.3696459 0.1994858 0.1156921 0.455555 0.193634 -0.170578 0.7941151 0.09354401 -0.1042786 0.7941151 0.1705856 -0.0798111 0.7941151 0.07980347 0.1705856 0.7941151 0.1705856 -0.0798111 0.7941151 -0.07980347 0.07980347 0.7941151 0.07980347 -0.170578 0.7941151 -0.170578 0.1705856 0.7941151 -0.170578 0.07980347 0.7941151 -0.07980347  
	<Colors>: 0  
	<TextureCoords0>: 292 0.3520278 0.7889239 0.3520278 0.7889239 0.3520278 0.7889239 0.3520278 0.7889239 0.3520278 0.7889239 0.3520278 0.7889239 0.3520278 0.7889239 0.3520278 0.7889239 0.3520278 0.7889239 0.3520278 0.7889239 0.3520278 0.7889239 0.3520278 0.7889239 0.3520278 0.7889239 0.3520278 0.7889239 0.3520278 0.7889239 0.3520278 0.7889239 0.3520278 0.7889239 0.3520278 0.7889239 0.3520278 0.7889239 0.3520278 0.7889239 0.3520278 0.7889239 0.3520278 0.7889239 0.3520278 0.7889239 0.3520278 0.7889239 0.3520278 0.7889239 0.3520278 0.7889239 0.3520278 0.7889239 0.3520278 0.7889239 0.3520278 0.7889239 0.3520278 0.7889239 0.3520278 0.7889239 0.3520278 0.7889239 0.3520278 0.7889239 0.3520278 0.7889239 0.3520278 0.7889239 0.3520278 0.7889239 0.3520278 0.7889239 0.3520278 0.7889239 0.3520278 0.7889239 0.3520278 0.7889239 0.3520278 0.7889239 0.3520278 0.7889239 0.3520278 0.7889239 0.3520278 0.7889239 0.3520278 0.7889239 0.3520278 0.7889239 0.3520278 0.7889239 0.3520278 0.7889239 0.3520278 0.7889239 0.3520278 0.7889239 0.3520278 0.7889239 0.3520278 0.7889239 0.3520278 0.7889239 0.3520278 0.7889239 0.3520278 0.7889239 0.3520278 0.7889239 0.3520278 0.7889239 0.3520278 0.7889239 0.3520278 0.7889239 0.3520278 0.7889239 0.3520278 0.7889239 0.3520278 0.7889239 0.3520278 0.7889239 0.3520278 0.7889239 0.3520278 0.7889239 0.3520278 0.7889239 0.3520278 0.7889239 0.3520278 0.7889239 0.3520278 0.7889239 0.3520278 0.7889239 0.3520278 0.7889239 0.3520278 0.7889239 0.3520278 0.7889239 0.3520278 0.7889239 0.3520278 0.7889239 0.3520278 0.7889239 0.3520278 0.7889239 0.3520278 0.7889239 0.3520278 0.7889239 0.3520278 0.7889239 0.3520278 0.7889239 0.3520278 0.7889239 0.3520278 0.7889239 0.3520278 0.7889239 0.3520278 0.7889239 0.3520278 0.7889239 0.3520278 0.7889239 0.3520278 0.7889239 0.3520278 0.7889239 0.3520278 0.7889239 0.3520278 0.7889239 0.3520278 0.7889239 0.3520278 0.7889239 0.3520278 0.7889239 0.3520278 0.7889239 0.3520278 0.7889239 0.3520278 0.7889239 0.3520278 0.7889239 0.3520278 0.7889239 0.3520278 0.7889239 0.3520278 0.7889239 0.3520278 0.7889239 0.3520278 0.7889239 0.3520278 0.7889239 0.3520278 0.7889239 0.3520278 0.7889239 0.3520278 0.7889239 0.3520278 0.7889239 0.3520278 0.7889239 0.3520278 0.7889239 0.3520278 0.7889239 0.3520278 0.7889239 0.3520278 0.7889239 0.3520278 0.7889239 0.3520278 0.7889239 0.3520278 0.7889239 0.3520278 0.7889239 0.3520278 0.7889239 0.3520278 0.7889239 0.3520278 0.7889239 0.3520278 0.7889239 0.3520278 0.7889239 0.3520278 0.7889239 0.3520278 0.7889239 0.3520278 0.7889239 0.3520278 0.7889239 0.3520278 0.7889239 0.3520278 0.7889239 0.3520278 0.7889239 0.3520278 0.7889239 0.3520278 0.7889239 0.3520278 0.7889239 0.3520278 0.7889239 0.3520278 0.7889239 0.3520278 0.7889239 0.3520278 0.7889239 0.3520278 0.7889239 0.3520278 0.7889239 0.3520278 0.7889239 0.3520278 0.7889239 0.3520278 0.7889239 0.3520278 0.7889239 0.3520278 0.7889239 0.3520278 0.7889239 0.3520278 0.7889239 0.3520278 0.7889239 0.3520278 0.7889239 0.3520278 0.7889239 0.3520278 0.7889239 0.3520278 0.7889239 0.3520278 0.7889239 0.3520278 0.7889239 0.3520278 0.7889239 0.3520278 0.7889239 0.3520278 0.7889239 0.3520278 0.7889239 0.3520278 0.7889239 0.3520278 0.7889239 0.3520278 0.7889239 0.3520278 0.7889239 0.3520278 0.7889239 0.3520278 0.7889239 0.3520278 0.7889239 0.3520278 0.7889239 0.3520278 0.7889239 0.3520278 0.7889239 0.3520278 0.7889239 0.3520278 0.7889239 0.3520278 0.7889239 0.3520278 0.7889239 0.3520278 0.7889239 0.3520278 0.7889239 0.3520278 0.7889239 0.3520278 0.7889239 0.3520278 0.7889239 0.3520278 0.7889239 0.3520278 0.7889239 0.3520278 0.7889239 0.3520278 0.7889239 0.3520278 0.7889239 0.3520278 0.7889239 0.3520278 0.7889239 0.3520278 0.7889239 0.3520278 0.7889239 0.3520278 0.7889239 0.3520278 0.7889239 0.3520278 0.7889239 0.3520278 0.7889239 0.3520278 0.7889239 0.3520278 0.7889239 0.3520278 0.7889239 0.3520278 0.7889239 0.3520278 0.7889239 0.3520278 0.7889239 0.3520278 0.7889239 0.3520278 0.7889239 0.3520278 0.7889239 0.3520278 0.7889239 0.3520278 0.7889239 0.3520278 0.7889239 0.3520278 0.7889239 0.3520278 0.7889239 0.3520278 0.7889239 0.3520278 0.7889239 0.3520278 0.7889239 0.3520278 0.7889239 0.3520278 0.7889239 0.3520278 0.7889239 0.3520278 0.7889239 0.3520278 0.7889239 0.3520278 0.7889239 0.3520278 0.7889239 0.3520278 0.7889239 0.3520278 0.7889239 0.3520278 0.7889239 0.3520278 0.7889239 0.3520278 0.7889239 0.3520278 0.7889239 0.3520278 0.7889239 0.3520278 0.7889239 0.3520278 0.7889239 0.3520278 0.7889239 0.3520278 0.7889239 0.3520278 0.7889239 0.3520278 0.7889239 0.3520278 0.7889239 0.3520278 0.7889239 0.3520278 0.7889239 0.3520278 0.7889239 0.3520278 0.7889239 0.3520278 0.7889239 0.3520278 0.7889239 0.3520278 0.7889239 0.3520278 0.7889239 0.3520278 0.7889239 0.3520278 0.7889239 0.3520278 0.7889239 0.3520278 0.7889239 0.3520278 0.7889239 0.3520278 0.7889239 0.3520278 0.7889239 0.3520278 0.7889239 0.3520278 0.7889239 0.3520278 0.7889239 0.3520278 0.7889239 0.3520278 0.7889239 0.3520278 0.7889239 0.3520278 0.7889239 0.3520278 0.7889239 0.3520278 0.7889239 0.3520278 0.7889239 0.3520278 0.7889239 0.3520278 0.7889239 0.3520278 0.7889239 0.3520278 0.7889239 0.3520278 0.7889239 0.3520278 0.7889239 0.3520278 0.7889239 0.3520278 0.7889239 0.3520278 0.7889239 0.3520278 0.7889239 0.3520278 0.7889239 0.3520278 0.7889239 0.3520278 0.7889239 0.3520278 0.7889239 0.3520278 0.7889239 0.3520278 0.7889239 0.3520278 0.7889239 0.3520278 0.7889239 0.3520278 0.7889239 0.3520278 0.7889239 0.3520278 0.7889239 0.3520278 0.7889239 0.3520278 0.7889239 0.3520278 0.7889239 0.3520278 0.7889239 0.3520278 0.7889239 0.3520278 0.7889239 0.3520278 0.7889239 0.3520278 0.7889239 0.3520278 0.7889239 0.3520278 0.7889239 0.3520278 0.7889239 0.3520278 0.7889239 0.3520278 0.7889239 0.3520278 0.7889239 0.3520278 0.7889239 0.3520278 0.7889239 0.3520278 0.7889239 0.3520278 0.7889239 0.3520278 0.7889239 0.3520278 0.7889239  
	<TextureCoords1>: 0  
	<Normals>: 292 0.6993854 0.2853927 -0.6552947 0.6993854 0.2853927 -0.6552947 0.6993854 0.2853927 -0.6552947 -0.6052439 0.6019903 0.5208526 -0.6052439 0.6019903 0.5208526 -0.6052439 0.6019903 0.5208526 0.7083356 -0.2403928 -0.6636807 0.7083356 -0.2403928 -0.6636807 0.7083356 -0.2403928 -0.6636807 -0.375502 0.790306 0.4841638 -0.375502 0.790306 0.4841638 -0.375502 0.790306 0.4841638 -0.8391113 0.2815559 0.465423 -0.8391113 0.2815559 0.465423 -0.8391113 0.2815559 0.465423 0.4790001 -0.2167926 -0.8506233 0.4790001 -0.2167926 -0.8506233 0.4790001 -0.2167926 -0.8506233 0.2073812 -0.4867429 -0.848572 0.2073812 -0.4867429 -0.848572 0.2073812 -0.4867429 -0.848572 0.5092995 0.7808765 0.3617264 0.5092995 0.7808765 0.3617264 0.5092995 0.7808765 0.3617264 -0.3826794 0.9238812 0 -0.3826794 0.9238812 0 -0.3826794 0.9238812 0 -0.3826794 0.9238812 0 0.3826789 0.9238814 0 0.3826789 0.9238814 0 0.3826789 0.9238814 0 0.3826789 0.9238814 0 0.9238918 0.3826538 0 0.9238918 0.3826538 0 0.9238918 0.3826538 0 0.9238918 0.3826538 0 0.9238915 -0.3826545 0 0.9238917 -0.382654 0 0.923892 -0.3826531 0 0.9238914 -0.3826547 0 0.9238905 -0.3826571 0 0.3826794 -0.9238812 0 0.3826795 -0.9238812 0 0.3826794 -0.9238812 0 0.3826793 -0.9238812 0 0.3826794 -0.9238812 0 -0.3826789 -0.9238814 0 -0.3826789 -0.9238814 0 -0.3826789 -0.9238814 0 -0.3826789 -0.9238814 0 -0.9238918 -0.3826538 0 -0.9238918 -0.3826538 0 -0.9238918 -0.3826538 0 -0.9238918 -0.3826538 0 -0.923894 0.3826483 0 -0.923894 0.3826483 0 -0.923894 0.3826483 0 -0.923894 0.3826483 0 0 0 -1 0 0 -1 0 0 -1 0 0 -1 0 0 -1 0 0 -1 0 0 -1 0 0 -1 0 0 -1 0 0 -1 0 0 -1 0 0 -1 0 0 -1 0 0 -1 0 0 -1 0 0 -1 0 0 -1 0 0 1 0 0 1 0 0 1 0 0 1 0 0 1 0 0 1 0 0 1 0 0 1 0 0 1 0 0 1 0 0 1 0 0 1 0 0 1 0 0 1 0 0 1 0 0 1 0 0 1 0.3826815 -0.9238803 0 0.3826815 -0.9238803 0 0.3826815 -0.9238803 0 0.3826815 -0.9238803 0 -0.3826815 -0.9238803 0 -0.3826815 -0.9238803 0 -0.3826815 -0.9238803 0 -0.3826815 -0.9238803 0 -0.9238884 -0.382662 0 -0.9238884 -0.382662 0 -0.9238884 -0.382662 0 -0.9238884 -0.382662 0 -0.9238884 0.382662 0 -0.9238884 0.382662 0 -0.9238884 0.382662 0 -0.9238884 0.382662 0 -0.3826821 0.92388 0 -0.3826821 0.92388 0 -0.3826821 0.92388 0 -0.3826821 0.92388 0 0.3826821 0.92388 0 0.3826821 0.92388 0 0.3826821 0.92388 0 0.3826821 0.92388 0 0.9238884 0.382662 0 0.9238884 0.382662 0 0.9238884 0.382662 0 0.9238884 0.382662 0 0.9238884 -0.382662 0 0.9238884 -0.382662 0 0.9238884 -0.382662 0 0.9238884 -0.382662 0 0 0.03180448 0.9994941 0 0.03182341 0.9994935 0 0.03180448 0.9994941 0 0.03182341 0.9994935 0 0.03184233 0.9994929 0 0.03184233 0.9994929 0 1 0 0 1 0 0 1 0 0 1 0 -0.9994928 0.0318458 0 -0.999493 0.03184041 0 -0.9994928 0.0318458 0 -0.999493 0.03184041 0 -0.9994931 0.03183502 0 -0.9994931 0.03183502 0 0 0.06797106 0.9976873 0 0.06797106 0.9976873 0 0.06797673 0.997687 0 0.06797956 0.9976867 0 0.06798806 0.9976861 0 0.06792811 -0.9976902 0 0.06792811 -0.9976902 0 0.06792811 -0.9976902 0 0.06792811 -0.9976902 0.9976927 0.06789242 0 0.9976927 0.06789242 0 0.9976927 0.06789242 0 0.9976927 0.06789242 0 0.9939956 0.10942 0 0.9939956 0.10942 0 0.9939956 0.10942 0 0.9939956 0.10942 0 0 0.10942 0.9939956 0 0.10942 0.9939956 0 0.10942 0.9939956 0 0.10942 0.9939956 -0.9939956 0.10942 0 -0.9939956 0.10942 0 -0.9939956 0.10942 0 -0.9939956 0.10942 0 0 0.10942 -0.9939956 0 0.10942 -0.9939956 0 0.10942 -0.9939956 0 0.10942 -0.9939956 0 1 0 0 1 0 0 1 0 0 1 0 0 1 0 0 1 0 0 1 0 0 1 0 0 1 0 0 1 0 0.9985198 0.05438861 0 0.9985198 0.05438861 0 0.9985198 0.05438861 0 0.9985198 0.05438861 0 0 0.05435653 0.9985216 0 0.05435653 0.9985216 0 0.05435653 0.9985216 0 0.05435653 0.9985216 -0.9985216 0.05435653 0 -0.9985216 0.05435653 0 -0.9985216 0.05435653 0 -0.9985216 0.05435653 0 0 0.05435653 -0.9985216 0 0.05435653 -0.9985216 0 0.05435653 -0.9985216 0 0.05435653 -0.9985216 0 1 0 0 1 0 0 1 0 0 1 0 0 1 0 0 1 0 0 1 0 0 1 0 0 1 0 0 1 0 0 0 1 0 0 1 0 0 1 0 0 1 -1 0 0 -1 0 0 -1 0 0 -1 0 0 0 0 -1 0 0 -1 0 0 -1 0 0 -1 1 0 0 1 0 0 1 0 0 1 0 0 0 -1 0 0 -1 0 0 -1 0 0 -1 0 0 1 0 0 1 0 0 1 0 0 1 0 0 -0.9899149 0.1416634 0 -0.9899149 0.1416634 0 -0.9899149 0.1416634 0 -0.9899149 0.1416634 -0.9956293 0.07185789 0.0596556 -0.9956293 0.07185789 0.0596556 -0.9956293 0.07185789 0.0596556 -0.9956293 0.07185789 0.0596556 0 0.9999813 0.00612468 0 0.9999813 0.00612468 0 0.9999813 0.00612468 0 0.9999813 0.00612468 0.995634 0.07184151 0.05959651 0.995634 0.07184151 0.05959651 0.995634 0.07184151 0.05959651 0.995634 0.07184151 0.05959651 -0.9976896 0.06793664 0 -0.9976902 0.06792811 0 -0.9976904 0.06792413 0 -0.9976894 0.0679409 0 -0.9976879 0.06796166 0 0.5631309 0.6262915 0.5391127 0.5631309 0.6262915 0.5391127 0.5631507 0.6262912 0.5390923 0.5631111 0.6262918 0.5391331 -0.7547275 0.3517947 0.553739 -0.7547358 0.3517941 0.5537282 -0.7547358 0.3517941 0.5537282 -0.7547439 0.3517934 0.5537174 0 0.0318271 -0.9994934 0 0.0318265 -0.9994934 0 0.03183362 -0.9994932 0 0.03182771 -0.9994934 0 0.03183977 -0.999493 0 0.03184399 -0.9994929 0 0.0318458 -0.9994928 0 0.03184038 -0.999493 0.9994929 0.03184336 0 0.9994928 0.0318458 0 0.9994929 0.03184337 0 0.9994928 0.03184631 0 0.999493 0.03184098 0 0.9994931 0.03183478 0 0.9994931 0.03183467 0 0.9994932 0.0318331 0 0 0.06785982 0.9976948 0 0.06781623 0.9976978 0 0.06788231 0.9976932 0 0.06795253 0.9976887 0 0.0678745 0.9976938 0 0.06795253 0.9976887 0 0.0678745 0.9976938 0 0.0679461 0.997689 0 0.0679461 0.997689 0 1 0 0 1 0 0 1 0 0 1 0 0 1 0 0 1 0 0 1 0 0 1 0 0 1 0  
	<Tangents>: 292 -0.2082609 0.9584107 0.1951317 -0.2082609 0.9584107 0.1951317 -0.2082609 0.9584107 0.1951317 0.3692897 -0.3673045 0.8536466 0.3692897 -0.3673045 0.8536466 0.3692897 -0.3673045 0.8536466 0.175423 0.9706757 -0.1643639 0.175423 0.9706757 -0.1643639 0.175423 0.9706757 -0.1643639 0.9268216 0.3201927 0.1961591 0.9268216 0.3201927 0.1961591 0.9268216 0.3201927 0.1961591 0.2462175 0.9595448 -0.1365675 0.2462175 0.9595448 -0.1365675 0.2462175 0.9595448 -0.1365675 0.1063735 0.9762177 -0.1889014 0.1063735 0.9762177 -0.1889014 0.1063735 0.9762177 -0.1889014 0.9782602 0.1031846 0.1798887 0.9782602 0.1031846 0.1798887 0.9782602 0.1031846 0.1798887 -0.1976082 -0.3029801 0.9322844 -0.1976082 -0.3029801 0.9322844 -0.1976082 -0.3029801 0.9322844 0 0 1 0 0 1 0 0 1 0 0 1 0 0 1 0 0 1 0 0 1 0 0 1 0 0 1 0 0 1 0 0 1 0 0 1 0 0 1 0 0 1 0 0 1 0 0 1 0 0 1 0 0 1 0 0 1 0 0 1 0 0 1 0 0 1 0 0 1 0 0 1 0 0 1 0 0 1 0 0 1 0 0 1 0 0 1 0 0 1 0 0 1 0 0 1 0 0 1 0 0 1 1 0 0 1 0 0 1 0 0 1 0 0 1 0 0 1 0 0 1 0 0 1 0 0 1 0 0 1 0 0 1 0 0 1 0 0 1 0 0 1 0 0 1 0 0 1 0 0 1 0 0 1 0 0 1 0 0 1 0 0 1 0 0 1 0 0 1 0 0 1 0 0 1 0 0 1 0 0 1 0 0 1 0 0 1 0 0 1 0 0 1 0 0 1 0 0 1 0 0 1 0 0 0 0 1 0 0 1 0 0 1 0 0 1 0 0 1 0 0 1 0 0 1 0 0 1 0 0 1 0 0 1 0 0 1 0 0 1 0 0 1 0 0 1 0 0 1 0 0 1 0 0 1 0 0 1 0 0 1 0 0 1 0 0 1 0 0 1 0 0 1 0 0 1 0 0 1 0 0 1 0 0 1 0 0 1 0 0 1 0 0 1 0 0 1 0 0 1 1 0 0 1 0 0 1 0 0 1 0 0 1 0 0 1 0 0 1 0 0 1 0 0 1 0 0 1 0 0 0 0 1 0 0 1 0 0 1 0 0 1 0 0 1 0 0 1 1 0 0 1 0 0 1 0 0 1 0 0 1 0 0 1 0 0 1 0 0 1 0 0 1 0 0 0 0 1 0 0 1 0 0 1 0 0 1 0 0 1 0 0 1 0 0 1 0 0 1 1 0 0 1 0 0 1 0 0 1 0 0 0 0 1 0 0 1 0 0 1 0 0 1 1 0 0 1 0 0 1 0 0 1 0 0 1 0 0 1 0 0 1 0 0 1 0 0 1 0 0 1 0 0 1 0 0 1 0 0 1 0 0 1 0 0 0 0 1 0 0 1 0 0 1 0 0 1 1 0 0 1 0 0 1 0 0 1 0 0 0 0 1 0 0 1 0 0 1 0 0 1 1 0 0 1 0 0 1 0 0 1 0 0 1 0 0 1 0 0 1 0 0 1 0 0 1 0 0 1 0 0 1 0 0 1 0 0 1 0 0 1 0 0 1 0 0 1 0 0 1 0 0 1 0 0 0 1 0 0 1 0 0 1 0 0 1 0 1 0 0 1 0 0 1 0 0 1 0 0 0 1 0 0 1 0 0 1 0 0 1 0 1 0 0 1 0 0 1 0 0 1 0 0 1 0 0 1 0 0 1 0 0 1 0 0 1 0 0 1 0 0 1 0 0 1 0 0 0.05950084 -0.004294374 0.9982191 0.05950084 -0.004294374 0.9982191 0.05950084 -0.004294374 0.9982191 0.05950084 -0.004294374 0.9982191 1 0 0 1 0 0 1 0 0 1 0 0 -0.05944197 -0.004289126 0.9982225 -0.05944197 -0.004289126 0.9982225 -0.05944197 -0.004289126 0.9982225 -0.05944197 -0.004289126 0.9982225 0 0 1 0 0 1 0 0 1 0 0 1 0 0 1 -0.3604594 -0.4008884 0.8422336 -0.3604594 -0.4008884 0.8422336 -0.3604529 -0.4008668 0.8422467 -0.3604659 -0.40091 0.8422206 0.2836402 0.9360771 -0.2081051 0.2836427 0.9360774 -0.2081006 0.2836427 0.9360774 -0.2081006 0.2836452 0.9360777 -0.2080961 1 0 0 1 0 0 1 0 0 1 0 0 1 0 0 1 0 0 1 0 0 1 0 0 0 0 1 0 0 1 0 0 1 0 0 1 0 0 1 0 0 1 0 0 1 0 0 1 1 0 0 1 0 0 1 0 0 1 0 0 1 0 0 1 0 0 1 0 0 1 0 0 1 0 0 1 0 0 1 0 0 1 0 0 1 0 0 1 0 0 1 0 0 1 0 0 1 0 0 1 0 0  
	<BiTangents>: 292 0.6837305 5.220908E-09 0.7297346 0.6837305 5.220908E-09 0.7297346 0.6837305 5.220908E-09 0.7297346 0.7051985 0.7090099 -1.241632E-08 0.7051985 0.7090099 -1.241632E-08 0.7051985 0.7090099 -1.241632E-08 0.6837306 8.894512E-10 0.7297345 0.6837306 8.894512E-10 0.7297345 0.6837306 8.894512E-10 0.7297345 -4.165432E-09 -0.5223917 0.8527057 -4.165432E-09 -0.5223917 0.8527057 -4.165432E-09 -0.5223917 0.8527057 0.4850456 6.485565E-09 0.8744889 0.4850456 6.485565E-09 0.8744889 0.4850456 6.485565E-09 0.8744889 0.8713459 -5.196064E-09 0.4906693 0.8713459 -5.196064E-09 0.4906693 0.8713459 -5.196064E-09 0.4906693 5.477728E-09 0.8674297 -0.4975597 5.477728E-09 0.8674297 -0.4975597 5.477728E-09 0.8674297 -0.4975597 0.8375948 -0.5462921 -2.960486E-09 0.8375948 -0.5462921 -2.960486E-09 0.8375948 -0.5462921 -2.960486E-09 0.9238812 0.3826794 0 0.9238812 0.3826794 0 0.9238812 0.3826794 0 0.9238812 0.3826794 0 0.9238814 -0.3826789 0 0.9238814 -0.3826789 0 0.9238814 -0.3826789 0 0.9238814 -0.3826789 0 -0.3826538 0.9238918 0 -0.3826538 0.9238918 0 -0.3826538 0.9238918 0 -0.3826538 0.9238918 0 0.3826545 0.9238915 0 0.382654 0.9238917 0 0.3826532 0.9238921 0 0.3826547 0.9238914 0 0.382657 0.9238904 0 0.9238812 0.3826794 0 0.9238812 0.3826795 0 0.9238812 0.3826794 0 0.9238812 0.3826793 0 0.9238812 0.3826794 0 0.9238814 -0.3826789 0 0.9238814 -0.3826789 0 0.9238814 -0.3826789 0 0.9238814 -0.3826789 0 -0.3826538 0.9238918 0 -0.3826538 0.9238918 0 -0.3826538 0.9238918 0 -0.3826538 0.9238918 0 0.3826483 0.923894 0 0.3826483 0.923894 0 0.3826483 0.923894 0 0.3826483 0.923894 0 0 1 0 0 1 0 0 1 0 0 1 0 0 1 0 0 1 0 0 1 0 0 1 0 0 1 0 0 1 0 0 1 0 0 1 0 0 1 0 0 1 0 0 1 0 0 1 0 0 1 0 0 1 0 0 1 0 0 1 0 0 1 0 0 1 0 0 1 0 0 1 0 0 1 0 0 1 0 0 1 0 0 1 0 0 1 0 0 1 0 0 1 0 0 1 0 0 1 0 0 1 0 0.9238803 0.3826815 0 0.9238803 0.3826815 0 0.9238803 0.3826815 0 0.9238803 0.3826815 0 0.9238803 -0.3826815 0 0.9238803 -0.3826815 0 0.9238803 -0.3826815 0 0.9238803 -0.3826815 0 -0.382662 0.9238884 0 -0.382662 0.9238884 0 -0.382662 0.9238884 0 -0.382662 0.9238884 0 0.382662 0.9238884 0 0.382662 0.9238884 0 0.382662 0.9238884 0 0.382662 0.9238884 0 0.9238801 0.3826821 0 0.9238801 0.3826821 0 0.9238801 0.3826821 0 0.9238801 0.3826821 0 0.9238801 -0.3826821 0 0.9238801 -0.3826821 0 0.9238801 -0.3826821 0 0.9238801 -0.3826821 0 -0.382662 0.9238884 0 -0.382662 0.9238884 0 -0.382662 0.9238884 0 -0.382662 0.9238884 0 0.382662 0.9238884 0 0.382662 0.9238884 0 0.382662 0.9238884 0 0.382662 0.9238884 0 0 0.9994941 -0.03180449 0 0.9994935 -0.03182341 0 0.9994941 -0.03180449 0 0.9994935 -0.03182341 0 0.9994929 -0.03184233 0 0.9994929 -0.03184233 0 0 1 0 0 1 0 0 1 0 0 1 0.0318458 0.9994928 0 0.03184041 0.999493 0 0.0318458 0.9994928 0 0.03184041 0.999493 0 0.03183502 0.9994931 0 0.03183502 0.9994931 0 0 0.9976873 -0.06797106 0 0.9976873 -0.06797106 0 0.9976869 -0.06797672 0 0.9976867 -0.06797956 0 0.9976861 -0.06798806 0 0.9976902 0.06792811 0 0.9976902 0.06792811 0 0.9976902 0.06792811 0 0.9976902 0.06792811 -0.06789242 0.9976927 0 -0.06789242 0.9976927 0 -0.06789242 0.9976927 0 -0.06789242 0.9976927 0 -0.10942 0.9939956 0 -0.10942 0.9939956 0 -0.10942 0.9939956 0 -0.10942 0.9939956 0 0 0.9939956 -0.10942 0 0.9939956 -0.10942 0 0.9939956 -0.10942 0 0.9939956 -0.10942 0.10942 0.9939956 0 0.10942 0.9939956 0 0.10942 0.9939956 0 0.10942 0.9939956 0 0 0.9939956 0.10942 0 0.9939956 0.10942 0 0.9939956 0.10942 0 0.9939956 0.10942 0 0 1 0 0 1 0 0 1 0 0 1 0 0 1 0 0 1 0 0 1 0 0 1 0 0 1 0 0 1 -0.05438861 0.9985198 0 -0.05438861 0.9985198 0 -0.05438861 0.9985198 0 -0.05438861 0.9985198 0 0 0.9985216 -0.05435653 0 0.9985216 -0.05435653 0 0.9985216 -0.05435653 0 0.9985216 -0.05435653 0.05435653 0.9985216 0 0.05435653 0.9985216 0 0.05435653 0.9985216 0 0.05435653 0.9985216 0 0 0.9985216 0.05435653 0 0.9985216 0.05435653 0 0.9985216 0.05435653 0 0.9985216 0.05435653 0 0 1 0 0 1 0 0 1 0 0 1 0 0 1 0 0 1 0 0 1 0 0 1 0 0 1 0 0 1 0 1 0 0 1 0 0 1 0 0 1 0 0 0 1 0 0 1 0 0 1 0 0 1 0 1 0 0 1 0 0 1 0 0 1 0 0 0 1 0 0 1 0 0 1 0 0 1 0 0 1 0 0 1 0 0 1 0 0 1 0 0 1 0 0 1 0 0 1 0 0 1 0 0.1416634 0.9899149 0 0.1416634 0.9899149 0 0.1416634 0.9899149 0 0.1416634 0.9899149 0.07198609 0.9974056 1.732564E-11 0.07198609 0.9974056 1.732564E-11 0.07198609 0.9974056 1.732564E-11 0.07198609 0.9974056 1.732564E-11 0 -0.00612468 0.9999813 0 -0.00612468 0.9999813 0 -0.00612468 0.9999813 0 -0.00612468 0.9999813 -0.07196943 0.9974068 -1.721146E-10 -0.07196943 0.9974068 -1.721146E-10 -0.07196943 0.9974068 -1.721146E-10 -0.07196943 0.9974068 -1.721146E-10 0.06793664 0.9976897 0 0.06792811 0.9976902 0 0.06792413 0.9976905 0 0.0679409 0.9976894 0 0.06796166 0.9976879 0 0.7436078 -0.6686161 -5.673162E-09 0.7436078 -0.6686161 -5.673162E-09 0.743596 -0.6686292 -2.362478E-09 0.7436197 -0.6686029 -9.063976E-09 0.5915528 1.000815E-08 0.8062663 0.5915411 1.157946E-08 0.806275 0.5915411 1.157946E-08 0.806275 0.5915294 2.132736E-08 0.8062835 0 0.9994934 0.0318271 0 0.9994934 0.0318265 0 0.9994932 0.03183362 0 0.9994934 0.03182771 0 0.999493 0.03183977 0 0.9994929 0.03184399 0 0.9994928 0.0318458 0 0.999493 0.03184038 -0.03184336 0.9994929 0 -0.0318458 0.9994928 0 -0.03184337 0.9994929 0 -0.03184631 0.9994928 0 -0.03184098 0.999493 0 -0.03183478 0.9994931 0 -0.03183467 0.9994931 0 -0.0318331 0.9994932 0 0 0.9976948 -0.06785983 0 0.9976978 -0.06781624 0 0.9976934 -0.06788231 0 0.9976885 -0.06795252 0 0.9976939 -0.06787451 0 0.9976885 -0.06795252 0 0.9976939 -0.06787451 0 0.997689 -0.0679461 0 0.997689 -0.0679461 0 0 1 0 0 1 0 0 1 0 0 1 0 0 1 0 0 1 0 0 1 0 0 1 0 0 1  
	<SubMeshes>: 1
		<SubMesh>: 0 552 0 1 2 3 4 5 6 7 8 9 10 11 12 13 14 15 16 17 18 19 20 21 22 23 24 25 26 24 26 27 28 29 30 28 30 31 32 33 34 32 34 35 36 37 38 38 39 36 39 40 36 41 42 43 43 44 41 44 45 41 46 47 48 46 48 49 50 51 52 50 52 53 54 55 56 54 56 57 58 59 60 58 61 59 59 61 62 59 62 63 63 62 64 63 64 65 65 64 66 65 66 67 67 66 68 67 68 69 69 68 70 69 70 71 71 70 72 71 72 73 73 72 58 73 58 74 75 76 77 75 78 76 76 78 79 76 79 80 80 79 81 80 81 82 82 81 83 82 83 84 84 83 85 84 85 86 86 85 87 86 87 88 88 87 89 88 89 90 90 89 75 90 75 91 92 93 94 92 94 95 96 97 98 96 98 99 100 101 102 100 102 103 104 105 106 104 106 107 108 109 110 108 110 111 112 113 114 112 114 115 116 117 118 116 118 119 120 121 122 120 122 123 124 125 126 124 127 125 127 128 125 127 129 128 130 131 132 130 132 133 134 135 136 134 137 135 137 138 135 137 139 138 140 141 142 142 143 140 142 144 143 145 146 147 145 147 148 149 150 151 149 151 152 153 154 155 153 155 156 157 158 159 157 159 160 161 162 163 161 163 164 165 166 167 165 167 168 169 170 171 172 169 171 171 173 172 174 169 172 173 171 175 174 176 169 177 173 175 177 176 174 175 178 177 177 178 176 179 180 181 179 181 182 183 184 185 183 185 186 187 188 189 187 189 190 191 192 193 191 193 194 195 196 197 198 195 197 199 195 198 197 200 198 199 198 201 200 197 202 201 203 199 200 202 204 204 203 201 204 202 203 205 206 207 205 207 208 209 210 211 209 211 212 213 214 215 213 215 216 217 218 219 217 219 220 221 222 223 221 223 224 225 226 227 225 227 228 229 230 231 229 231 232 233 234 235 233 235 236 237 238 239 237 239 240 241 242 243 241 243 244 245 246 247 247 248 245 248 249 245 250 251 252 253 251 250 254 255 256 256 255 257 258 259 260 261 258 260 260 262 261 262 260 263 263 264 262 260 265 263 266 267 268 268 269 266 269 270 266 271 266 270 270 272 271 272 273 271 274 275 276 277 274 276 274 278 275 277 279 274 274 280 278 281 279 277 278 280 282 281 282 279 278 282 281 283 284 285 285 284 286 287 283 285 285 286 288 287 289 283 288 286 290 291 289 287 288 290 291 291 290 289  
</Mesh>
